[1, 3, 0.00568699836730957, 5.8650970458984375e-05]
[1, 4, 0.00028395652770996094, 7.486343383789062e-05]
[1, 5, 0.00026535987854003906, 0.0001404285430908203]
[1, 6, 0.00029587745666503906, 0.0002856254577636719]
[1, 7, 0.00043392181396484375, 0.0006203651428222656]
[1, 8, 0.0004436969757080078, 0.0012278556823730469]
[1, 9, 0.0005514621734619141, 0.0026597976684570312]
[1, 10, 0.0009229183197021484, 0.0056476593017578125]
[1, 11, 0.0016977787017822266, 0.011760473251342773]
[1, 12, 0.003551006317138672, 0.024138689041137695]
[1, 13, 0.007259845733642578, 0.05098152160644531]
[1, 14, 0.016232967376708984, 0.10781359672546387]
[1, 15, 0.0401308536529541, 0.23665738105773926]
[1, 16, 0.09290003776550293, 0.5298247337341309]
[1, 17, 0.2613527774810791, 1.3269567489624023]
[1, 18, 0.5171284675598145, 2.5989632606506348]
[1, 19, 1.1064062118530273, 5.31351637840271]
[1, 20, 2.407327175140381, 11.331939458847046]
[1, 21, 5.366245746612549, 24.423511743545532]
[1, 22, 11.746764183044434, 53.133683919906616]
[1, 3, 0.000308990478515625, 4.2438507080078125e-05]
[1, 4, 0.00025916099548339844, 7.2479248046875e-05]
[1, 5, 0.0003113746643066406, 0.00014448165893554688]
[1, 6, 0.0002951622009277344, 0.00027871131896972656]
[1, 7, 0.0003094673156738281, 0.0006239414215087891]
[1, 8, 0.0004050731658935547, 0.0012590885162353516]
[1, 9, 0.0005788803100585938, 0.002712726593017578]
[1, 10, 0.0009815692901611328, 0.005563020706176758]
[1, 11, 0.0016965866088867188, 0.011684894561767578]
[1, 12, 0.003629446029663086, 0.02425360679626465]
[1, 13, 0.007146120071411133, 0.05143332481384277]
[1, 14, 0.016566038131713867, 0.11124491691589355]
[1, 15, 0.0416111946105957, 0.24200153350830078]
[1, 16, 0.09651899337768555, 0.5183320045471191]
[1, 17, 0.2165842056274414, 1.1462414264678955]
[1, 18, 0.4938943386077881, 2.4692273139953613]
[1, 19, 1.1060302257537842, 5.418492317199707]
[1, 20, 2.4509270191192627, 11.245357036590576]
[1, 21, 5.265900611877441, 24.589008808135986]
[1, 22, 11.884459018707275, 53.5882785320282]
[1, 3, 0.0002605915069580078, 4.076957702636719e-05]
[1, 4, 0.0002562999725341797, 7.510185241699219e-05]
[1, 5, 0.00026226043701171875, 0.00014019012451171875]
[1, 6, 0.0002903938293457031, 0.0002777576446533203]
[1, 7, 0.0003573894500732422, 0.0005881786346435547]
[1, 8, 0.00040435791015625, 0.0013103485107421875]
[1, 9, 0.0005984306335449219, 0.002758502960205078]
[1, 10, 0.0010175704956054688, 0.005636692047119141]
[1, 11, 0.0017652511596679688, 0.011668682098388672]
[1, 12, 0.003561735153198242, 0.024857044219970703]
[1, 13, 0.007429838180541992, 0.05124974250793457]
[1, 14, 0.016074657440185547, 0.11071944236755371]
[1, 15, 0.039586782455444336, 0.24025654792785645]
[1, 16, 0.0975494384765625, 0.5152900218963623]
[1, 17, 0.22243690490722656, 1.1161625385284424]
[1, 18, 0.4969916343688965, 2.469574451446533]
[1, 19, 1.1212234497070312, 5.355707883834839]
[1, 20, 2.4313080310821533, 11.59589433670044]
[1, 21, 5.33410120010376, 24.971575021743774]
[1, 22, 11.874999284744263, 53.19998741149902]
[1, 3, 0.0002651214599609375, 4.1484832763671875e-05]
[1, 4, 0.0002562999725341797, 7.677078247070312e-05]
[1, 5, 0.0002751350402832031, 0.0001442432403564453]
[1, 6, 0.0003421306610107422, 0.00029850006103515625]
[1, 7, 0.0003123283386230469, 0.0005810260772705078]
[1, 8, 0.0003991127014160156, 0.0012388229370117188]
[1, 9, 0.0005648136138916016, 0.002655506134033203]
[1, 10, 0.0009775161743164062, 0.005775928497314453]
[1, 11, 0.001981973648071289, 0.011962413787841797]
[1, 12, 0.003481626510620117, 0.024260997772216797]
[1, 13, 0.0072553157806396484, 0.05178666114807129]
[1, 14, 0.01686263084411621, 0.11073756217956543]
[1, 15, 0.039272308349609375, 0.23653125762939453]
[1, 16, 0.0986945629119873, 0.51883864402771]
[1, 17, 0.22404909133911133, 1.1333668231964111]
[1, 18, 0.49471330642700195, 2.472938060760498]
[1, 19, 1.1011736392974854, 5.3354222774505615]
[1, 20, 2.433288812637329, 11.402506828308105]
[1, 21, 5.391833305358887, 24.242130279541016]
[1, 22, 11.571331977844238, 54.335328340530396]
[1, 3, 0.0002624988555908203, 4.1484832763671875e-05]
[1, 4, 0.00025844573974609375, 7.2479248046875e-05]
[1, 5, 0.00026702880859375, 0.00014138221740722656]
[1, 6, 0.0002892017364501953, 0.00028824806213378906]
[1, 7, 0.00035309791564941406, 0.0005919933319091797]
[1, 8, 0.00041556358337402344, 0.0012650489807128906]
[1, 9, 0.0006287097930908203, 0.002603292465209961]
[1, 10, 0.0010395050048828125, 0.005642890930175781]
[1, 11, 0.0017943382263183594, 0.011979818344116211]
[1, 12, 0.003631114959716797, 0.025089263916015625]
[1, 13, 0.007222652435302734, 0.05188608169555664]
[1, 14, 0.01643085479736328, 0.11045050621032715]
[1, 15, 0.03891634941101074, 0.238783597946167]
[1, 16, 0.09552788734436035, 0.536297082901001]
[1, 17, 0.22176289558410645, 1.1538276672363281]
[1, 18, 0.4945518970489502, 2.4579546451568604]
[1, 19, 1.1003639698028564, 5.293994903564453]
[1, 20, 2.385641574859619, 11.282641172409058]
[1, 21, 5.40781831741333, 24.148024559020996]
[1, 22, 11.61106538772583, 53.26963758468628]
[1, 3, 0.0002582073211669922, 4.2438507080078125e-05]
[1, 4, 0.00026679039001464844, 7.653236389160156e-05]
[1, 5, 0.00027108192443847656, 0.0001590251922607422]
[1, 6, 0.0002834796905517578, 0.0003387928009033203]
[1, 7, 0.0003154277801513672, 0.0006196498870849609]
[1, 8, 0.0004029273986816406, 0.0012331008911132812]
[1, 9, 0.0005857944488525391, 0.002662181854248047]
[1, 10, 0.0009348392486572266, 0.005717039108276367]
[1, 11, 0.001739501953125, 0.011735916137695312]
[1, 12, 0.003618955612182617, 0.024457693099975586]
[1, 13, 0.007399320602416992, 0.050451040267944336]
[1, 14, 0.015518903732299805, 0.10947084426879883]
[1, 15, 0.040055036544799805, 0.2408459186553955]
[1, 16, 0.09629940986633301, 0.5225927829742432]
[1, 17, 0.22425365447998047, 1.129786491394043]
[1, 18, 0.498460054397583, 2.47359037399292]
[1, 19, 1.0802130699157715, 5.364181280136108]
[1, 20, 2.413512945175171, 11.48787260055542]
[1, 21, 5.260112762451172, 24.137698650360107]
[1, 22, 11.681178092956543, 53.6720814704895]
[1, 3, 0.00034546852111816406, 5.412101745605469e-05]
[1, 4, 0.00025773048400878906, 7.581710815429688e-05]
[1, 5, 0.0002772808074951172, 0.00014138221740722656]
[1, 6, 0.0002837181091308594, 0.0002827644348144531]
[1, 7, 0.00031185150146484375, 0.0006208419799804688]
[1, 8, 0.0004467964172363281, 0.0012238025665283203]
[1, 9, 0.0006120204925537109, 0.002565145492553711]
[1, 10, 0.0009198188781738281, 0.0057451725006103516]
[1, 11, 0.0018012523651123047, 0.011628866195678711]
[1, 12, 0.0036013126373291016, 0.02416682243347168]
[1, 13, 0.007395267486572266, 0.051415443420410156]
[1, 14, 0.016532421112060547, 0.10923361778259277]
[1, 15, 0.038809776306152344, 0.23778438568115234]
[1, 16, 0.09746575355529785, 0.5326173305511475]
[1, 17, 0.21554803848266602, 1.1460888385772705]
[1, 18, 0.49291419982910156, 2.4868407249450684]
[1, 19, 1.1005027294158936, 5.348628997802734]
[1, 20, 2.461132764816284, 11.263299465179443]
[1, 21, 5.341826438903809, 24.313721179962158]
[1, 22, 11.59928035736084, 53.62409520149231]
[1, 3, 0.00025272369384765625, 3.981590270996094e-05]
[1, 4, 0.0002601146697998047, 7.534027099609375e-05]
[1, 5, 0.0002846717834472656, 0.00014472007751464844]
[1, 6, 0.0002932548522949219, 0.00034165382385253906]
[1, 7, 0.00031638145446777344, 0.00058746337890625]
[1, 8, 0.00041222572326660156, 0.0012807846069335938]
[1, 9, 0.0005538463592529297, 0.002710580825805664]
[1, 10, 0.0009655952453613281, 0.005632162094116211]
[1, 11, 0.0017430782318115234, 0.011845588684082031]
[1, 12, 0.0035369396209716797, 0.024218082427978516]
[1, 13, 0.007372140884399414, 0.05226421356201172]
[1, 14, 0.01601243019104004, 0.10898518562316895]
[1, 15, 0.04073047637939453, 0.23858952522277832]
[1, 16, 0.0983114242553711, 0.5207316875457764]
[1, 17, 0.21630072593688965, 1.137610912322998]
[1, 18, 0.4842722415924072, 2.4773614406585693]
[1, 19, 1.0827960968017578, 5.308630704879761]
[1, 20, 2.4252843856811523, 11.392006397247314]
[1, 21, 5.277353048324585, 24.426002740859985]
[1, 22, 11.785817623138428, 52.82262659072876]
[1, 3, 0.0003094673156738281, 4.1484832763671875e-05]
[1, 4, 0.00026869773864746094, 7.510185241699219e-05]
[1, 5, 0.0002853870391845703, 0.00014448165893554688]
[1, 6, 0.0002923011779785156, 0.00029754638671875]
[1, 7, 0.00032711029052734375, 0.0006079673767089844]
[1, 8, 0.0004191398620605469, 0.0013098716735839844]
[1, 9, 0.0005605220794677734, 0.0026764869689941406]
[1, 10, 0.0009441375732421875, 0.005703449249267578]
[1, 11, 0.0021398067474365234, 0.011963844299316406]
[1, 12, 0.003449678421020508, 0.02425980567932129]
[1, 13, 0.007465839385986328, 0.0502777099609375]
[1, 14, 0.016081571578979492, 0.11023354530334473]
[1, 15, 0.03970217704772949, 0.23884057998657227]
[1, 16, 0.11389493942260742, 0.5286564826965332]
[1, 17, 0.21907258033752441, 1.1336054801940918]
[1, 18, 0.4896843433380127, 2.4645133018493652]
[1, 19, 1.0976994037628174, 5.390039920806885]
[1, 20, 2.40574312210083, 11.31149935722351]
[1, 21, 5.275446176528931, 24.366865634918213]
[1, 22, 11.843341827392578, 56.97032690048218]
[1, 3, 0.0002503395080566406, 4.410743713378906e-05]
[1, 4, 0.0002646446228027344, 7.581710815429688e-05]
[1, 5, 0.00027060508728027344, 0.00014019012451171875]
[1, 6, 0.00028896331787109375, 0.0002887248992919922]
[1, 7, 0.0003123283386230469, 0.0006420612335205078]
[1, 8, 0.0004172325134277344, 0.0012526512145996094]
[1, 9, 0.0005936622619628906, 0.0026569366455078125]
[1, 10, 0.0009582042694091797, 0.0056400299072265625]
[1, 11, 0.001775979995727539, 0.011475563049316406]
[1, 12, 0.0036520957946777344, 0.024473190307617188]
[1, 13, 0.00753474235534668, 0.05173206329345703]
[1, 14, 0.01576375961303711, 0.1086130142211914]
[1, 15, 0.03850555419921875, 0.238173246383667]
[1, 16, 0.09697389602661133, 0.5202124118804932]
[1, 17, 0.21520638465881348, 1.1291303634643555]
[1, 18, 0.4900538921356201, 2.4372103214263916]
[1, 19, 1.1002769470214844, 5.378593444824219]
[1, 20, 2.4011168479919434, 11.373106956481934]
[1, 21, 5.279510259628296, 24.424381256103516]
[1, 22, 11.719479084014893, 53.37726616859436]
[4, 3, 0.012058496475219727, 0.00862264633178711]
[4, 4, 0.0005369186401367188, 0.016974210739135742]
[4, 5, 0.0005979537963867188, 0.049344539642333984]
[4, 6, 0.0026330947875976562, 0.014433622360229492]
[4, 7, 0.0017731189727783203, 0.01794743537902832]
[4, 8, 0.018103599548339844, 0.02343893051147461]
[4, 9, 0.015454530715942383, 0.00671839714050293]
[4, 10, 0.005093812942504883, 0.014384031295776367]
[4, 11, 0.019405603408813477, 0.02221989631652832]
[4, 12, 0.005959033966064453, 0.028786182403564453]
[4, 13, 0.01107645034790039, 0.05790114402770996]
[4, 14, 0.023865699768066406, 0.1159677505493164]
[4, 15, 0.0570063591003418, 0.24215388298034668]
[4, 16, 0.12947463989257812, 0.4881877899169922]
[4, 17, 0.2775728702545166, 1.0199222564697266]
[4, 18, 0.5712881088256836, 2.067723035812378]
[4, 19, 1.2602403163909912, 4.200223684310913]
[4, 20, 2.547591209411621, 8.64845609664917]
[4, 21, 5.451516151428223, 17.931610822677612]
[2, 3, 0.00047016143798828125, 0.0002467632293701172]
[2, 4, 0.0004923343658447266, 0.0003020763397216797]
[2, 5, 0.000568389892578125, 0.00039005279541015625]
[2, 6, 0.0006158351898193359, 0.0006690025329589844]
[2, 7, 0.0006084442138671875, 0.0011823177337646484]
[2, 8, 0.0007991790771484375, 0.0021860599517822266]
[2, 9, 0.001028299331665039, 0.004456043243408203]
[2, 10, 0.0016331672668457031, 0.010117292404174805]
[2, 11, 0.003111600875854492, 0.019608259201049805]
[2, 12, 0.0060880184173583984, 0.039205074310302734]
[2, 13, 0.011467695236206055, 0.08557963371276855]
[2, 14, 0.025356054306030273, 0.18045639991760254]
[2, 15, 0.057143449783325195, 0.35533809661865234]
[2, 17, 0.2655816078186035, 1.6539757251739502]
[2, 18, 0.568617582321167, 3.3636014461517334]
[2, 19, 1.1964192390441895, 6.975239276885986]
[2, 20, 2.5134809017181396, 14.560752868652344]
[2, 21, 5.348501443862915, 30.389560222625732]
[2, 22, 11.510287523269653, 64.79154372215271]
[4, 3, 0.019081592559814453, 0.0010097026824951172]
[4, 4, 0.017350435256958008, 0.008568048477172852]
[4, 5, 0.005766153335571289, 0.0010678768157958984]
[4, 6, 0.009302616119384766, 0.0013628005981445312]
[4, 7, 0.0057277679443359375, 0.0016722679138183594]
[4, 8, 0.0038590431213378906, 0.002563953399658203]
[4, 9, 0.01238107681274414, 0.009415864944458008]
[4, 11, 0.003039121627807617, 0.014100074768066406]
[4, 13, 0.013432502746582031, 0.05902719497680664]
[4, 14, 0.027785778045654297, 0.11992454528808594]
[4, 15, 0.05680441856384277, 0.25664401054382324]
[4, 17, 0.2753481864929199, 0.9996511936187744]
[4, 18, 0.5768141746520996, 2.0894722938537598]
[4, 19, 1.2183465957641602, 4.217392206192017]
[4, 20, 2.5219814777374268, 8.663588523864746]
[4, 21, 5.431101560592651, 17.853134393692017]
[2, 3, 0.00047326087951660156, 0.0002429485321044922]
[2, 4, 0.0004892349243164062, 0.0002999305725097656]
[2, 5, 0.0005736351013183594, 0.0004210472106933594]
[2, 6, 0.0005276203155517578, 0.0007407665252685547]
[2, 7, 0.0006735324859619141, 0.0011336803436279297]
[2, 8, 0.0007562637329101562, 0.0023016929626464844]
[2, 9, 0.0010592937469482422, 0.004446983337402344]
[2, 10, 0.0016741752624511719, 0.010978937149047852]
[2, 11, 0.00305938720703125, 0.020348787307739258]
[2, 12, 0.006029605865478516, 0.04177689552307129]
[2, 13, 0.01120305061340332, 0.08427643775939941]
[2, 14, 0.025417089462280273, 0.18017196655273438]
[2, 15, 0.05690360069274902, 0.37799715995788574]
[2, 16, 0.13107991218566895, 0.7465043067932129]
[2, 17, 0.28167200088500977, 1.6186819076538086]
[2, 18, 0.5741868019104004, 3.156456708908081]
[2, 22, 11.554731607437134, 60.726025342941284]
[4, 3, 0.014724254608154297, 0.00862741470336914]
[4, 4, 0.0005500316619873047, 0.004498720169067383]
[4, 5, 0.019245147705078125, 0.022402048110961914]
[4, 6, 0.000896453857421875, 0.01700568199157715]
[4, 7, 0.007940292358398438, 0.02622222900390625]
[4, 8, 0.0009877681732177734, 0.045656681060791016]
[4, 9, 0.0010371208190917969, 0.004682064056396484]
[4, 10, 0.0017962455749511719, 0.008199214935302734]
[4, 11, 0.01092386245727539, 0.014032602310180664]
[4, 12, 0.0057141780853271484, 0.03301095962524414]
[4, 13, 0.01233673095703125, 0.05920910835266113]
[4, 14, 0.02811145782470703, 0.11535167694091797]
[4, 15, 0.06292223930358887, 0.2357480525970459]
[4, 16, 0.13020682334899902, 0.5087363719940186]
[4, 17, 0.2733957767486572, 1.03300142288208]
[4, 20, 2.594756841659546, 8.58326506614685]
[4, 22, 11.626211404800415, 36.78983449935913]
[2, 3, 0.000484466552734375, 0.0002658367156982422]
[2, 4, 0.0004961490631103516, 0.00036597251892089844]
[2, 5, 0.000583648681640625, 0.0004029273986816406]
[2, 6, 0.0005595684051513672, 0.0006518363952636719]
[2, 7, 0.0006873607635498047, 0.0011875629425048828]
[2, 8, 0.0008742809295654297, 0.0021886825561523438]
[2, 9, 0.0010704994201660156, 0.004722118377685547]
[2, 10, 0.0016734600067138672, 0.009501218795776367]
[2, 11, 0.003084897994995117, 0.019943714141845703]
[2, 12, 0.005554914474487305, 0.040329933166503906]
[2, 13, 0.01142263412475586, 0.08574986457824707]
[2, 14, 0.02370429039001465, 0.17083954811096191]
[2, 15, 0.05670619010925293, 0.36450934410095215]
[2, 16, 0.125016450881958, 0.7800774574279785]
[2, 17, 0.26555967330932617, 1.6001501083374023]
[2, 20, 2.5248279571533203, 15.221538782119751]
[2, 21, 5.404456377029419, 30.06532597541809]
[4, 3, 0.015813350677490234, 0.014915704727172852]
[4, 4, 0.030492305755615234, 0.0012590885162353516]
[4, 5, 0.0005509853363037109, 0.0011909008026123047]
[4, 6, 0.0006029605865478516, 0.040563344955444336]
[4, 7, 0.0008394718170166016, 0.02884817123413086]
[4, 8, 0.0007581710815429688, 0.007429838180541992]
[4, 9, 0.0011820793151855469, 0.049783945083618164]
[4, 10, 0.015076637268066406, 0.00789332389831543]
[4, 11, 0.008633613586425781, 0.036199092864990234]
[4, 12, 0.0062139034271240234, 0.05385327339172363]
[4, 13, 0.013321638107299805, 0.06512045860290527]
[4, 14, 0.024871349334716797, 0.11660170555114746]
[4, 15, 0.06290936470031738, 0.239091157913208]
[4, 16, 0.1295149326324463, 0.4928927421569824]
[4, 17, 0.27643847465515137, 1.0236809253692627]
[4, 18, 0.5642304420471191, 2.097075939178467]
[4, 19, 1.223555564880371, 4.2055535316467285]
[4, 20, 2.5543439388275146, 8.529651165008545]
[4, 21, 5.411870718002319, 17.81872582435608]
[2, 3, 0.0004885196685791016, 0.00025343894958496094]
[2, 4, 0.0005733966827392578, 0.0003006458282470703]
[2, 5, 0.0005357265472412109, 0.0004069805145263672]
[2, 6, 0.0005512237548828125, 0.0007145404815673828]
[2, 7, 0.0007541179656982422, 0.0011022090911865234]
[2, 8, 0.0007622241973876953, 0.0023708343505859375]
[2, 9, 0.00110626220703125, 0.00447845458984375]
[2, 10, 0.0017430782318115234, 0.03489208221435547]
[2, 11, 0.0030298233032226562, 0.019868850708007812]
[2, 12, 0.005799531936645508, 0.04107236862182617]
[2, 13, 0.011194705963134766, 0.08587360382080078]
[2, 14, 0.02299046516418457, 0.17934298515319824]
[2, 15, 0.05719780921936035, 0.36580419540405273]
[2, 18, 0.5760078430175781, 3.399466037750244]
[2, 20, 2.523672580718994, 14.977476358413696]
[2, 22, 11.567477941513062, 60.86984038352966]
[4, 3, 0.0005846023559570312, 0.012823820114135742]
[4, 4, 0.0005190372467041016, 0.0010204315185546875]
[4, 5, 0.007539272308349609, 0.03321671485900879]
[4, 6, 0.000568389892578125, 0.004599809646606445]
[4, 7, 0.0006580352783203125, 0.0018186569213867188]
[4, 8, 0.0009260177612304688, 0.017896413803100586]
[4, 9, 0.0010657310485839844, 0.004446744918823242]
[4, 10, 0.02238178253173828, 0.03484058380126953]
[4, 11, 0.0179901123046875, 0.01629471778869629]
[4, 12, 0.005922555923461914, 0.043024301528930664]
[4, 13, 0.014492273330688477, 0.058064937591552734]
[4, 14, 0.027960777282714844, 0.114349365234375]
[4, 15, 0.05757904052734375, 0.23411154747009277]
[4, 17, 0.27744245529174805, 1.0576536655426025]
[4, 18, 0.575005292892456, 2.0745420455932617]
[4, 19, 1.2009029388427734, 4.2261011600494385]
[4, 20, 2.5025675296783447, 8.793852806091309]
[4, 22, 11.873841285705566, 37.912718296051025]
[2, 3, 0.0004811286926269531, 0.0002579689025878906]
[2, 4, 0.0004863739013671875, 0.00042700767517089844]
[2, 5, 0.0005180835723876953, 0.00040078163146972656]
[2, 6, 0.0005438327789306641, 0.0006608963012695312]
[2, 7, 0.0006389617919921875, 0.0011372566223144531]
[2, 8, 0.0007815361022949219, 0.0021233558654785156]
[2, 9, 0.0011060237884521484, 0.004628181457519531]
[2, 10, 0.0016820430755615234, 0.009442329406738281]
[2, 11, 0.003068208694458008, 0.01965498924255371]
[2, 12, 0.0058286190032958984, 0.041109561920166016]
[2, 13, 0.011181831359863281, 0.08505582809448242]
[2, 14, 0.02300882339477539, 0.17384791374206543]
[2, 15, 0.05685162544250488, 0.3537790775299072]
[2, 16, 0.12663888931274414, 0.7776715755462646]
[2, 17, 0.2688310146331787, 1.652876615524292]
[2, 19, 1.2004892826080322, 7.16814112663269]
[4, 3, 0.0004773139953613281, 0.0009665489196777344]
[4, 4, 0.0005586147308349609, 0.000978708267211914]
[4, 5, 0.0005562305450439453, 0.005294084548950195]
[4, 6, 0.010824918746948242, 0.0013899803161621094]
[4, 7, 0.0006246566772460938, 0.0017015933990478516]
[4, 8, 0.013749361038208008, 0.0024945735931396484]
[4, 9, 0.0011780261993408203, 0.06537604331970215]
[4, 10, 0.001733541488647461, 0.0076236724853515625]
[4, 11, 0.003289461135864258, 0.015659093856811523]
[4, 12, 0.005869388580322266, 0.03161883354187012]
[4, 13, 0.01961350440979004, 0.061955928802490234]
[4, 14, 0.029143810272216797, 0.11996912956237793]
[4, 15, 0.05768561363220215, 0.24260449409484863]
[4, 16, 0.1300196647644043, 0.49029111862182617]
[4, 17, 0.27509403228759766, 1.008195400238037]
[4, 19, 1.2196931838989258, 4.193718910217285]
[4, 20, 2.5403215885162354, 8.647913932800293]
[4, 21, 5.348988771438599, 17.3103244304657]
[4, 22, 11.496335983276367, 37.149906635284424]
[2, 3, 0.0005571842193603516, 0.00025343894958496094]
[2, 4, 0.0005054473876953125, 0.00029921531677246094]
[2, 5, 0.0007576942443847656, 0.0004119873046875]
[2, 6, 0.0005371570587158203, 0.0006473064422607422]
[2, 7, 0.0006277561187744141, 0.0012826919555664062]
[2, 8, 0.0008056163787841797, 0.0022592544555664062]
[2, 9, 0.0010933876037597656, 0.004640102386474609]
[2, 10, 0.0017452239990234375, 0.009898185729980469]
[2, 11, 0.0030393600463867188, 0.02011728286743164]
[2, 12, 0.005756855010986328, 0.04102611541748047]
[2, 13, 0.01140284538269043, 0.08413982391357422]
[2, 14, 0.023710966110229492, 0.1714951992034912]
[2, 15, 0.05623507499694824, 0.3789863586425781]
[2, 16, 0.12771320343017578, 0.7682366371154785]
[2, 17, 0.26740312576293945, 1.6154136657714844]
[2, 20, 2.501610279083252, 14.483115434646606]
[2, 21, 5.269115924835205, 29.713889122009277]
[2, 22, 11.5641770362854, 61.09576678276062]
[4, 3, 0.03395962715148926, 0.0018053054809570312]
[4, 4, 0.0004918575286865234, 0.0009014606475830078]
[4, 5, 0.023986339569091797, 0.0010962486267089844]
[4, 6, 0.0005457401275634766, 0.001432180404663086]
[4, 7, 0.011754512786865234, 0.0016961097717285156]
[4, 8, 0.028261423110961914, 0.016419172286987305]
[4, 9, 0.0011014938354492188, 0.0045013427734375]
[4, 10, 0.001735687255859375, 0.008607864379882812]
[4, 11, 0.0030422210693359375, 0.021671056747436523]
[4, 12, 0.0057981014251708984, 0.030518770217895508]
[4, 13, 0.02968311309814453, 0.05855584144592285]
[4, 14, 0.03743886947631836, 0.11826515197753906]
[4, 15, 0.05704641342163086, 0.269803524017334]
[4, 16, 0.1279299259185791, 1.4590229988098145]
[4, 17, 0.2696831226348877, 1.0275201797485352]
[4, 18, 0.573777437210083, 2.0695269107818604]
[4, 19, 1.2118234634399414, 4.271666049957275]
[4, 21, 5.405678987503052, 17.747313499450684]
[4, 22, 11.542540073394775, 36.511693239212036]
[2, 3, 0.00047969818115234375, 0.0002522468566894531]
[2, 4, 0.0004951953887939453, 0.0002982616424560547]
[2, 5, 0.0005190372467041016, 0.00042128562927246094]
[2, 6, 0.0005426406860351562, 0.0006618499755859375]
[2, 7, 0.0007338523864746094, 0.0011396408081054688]
[2, 8, 0.0007975101470947266, 0.0022716522216796875]
[2, 9, 0.0010395050048828125, 0.004620790481567383]
[2, 10, 0.0016977787017822266, 0.010248184204101562]
[2, 11, 0.0030667781829833984, 0.019036054611206055]
[2, 12, 0.0058727264404296875, 0.04051494598388672]
[2, 13, 0.011322975158691406, 0.0863497257232666]
[2, 14, 0.022959470748901367, 0.16932415962219238]
[2, 15, 0.056420326232910156, 0.3573472499847412]
[2, 17, 0.26975131034851074, 1.5909879207611084]
[2, 18, 0.5848948955535889, 3.3644261360168457]
[2, 20, 2.557654619216919, 14.749114990234375]
[4, 3, 0.0005295276641845703, 0.0007252693176269531]
[4, 4, 0.0012438297271728516, 0.04102921485900879]
[4, 5, 0.0005078315734863281, 0.0011219978332519531]
[4, 6, 0.005704641342163086, 0.021193504333496094]
[4, 7, 0.0006525516510009766, 0.0017161369323730469]
[4, 8, 0.0008292198181152344, 0.05353951454162598]
[4, 9, 0.008143424987792969, 0.01774740219116211]
[4, 11, 0.0031287670135498047, 0.01438450813293457]
[4, 12, 0.005702972412109375, 0.03203105926513672]
[4, 13, 0.011667728424072266, 0.05944418907165527]
[4, 14, 0.024852275848388672, 0.1205129623413086]
[4, 15, 0.05991816520690918, 0.23854589462280273]
[4, 16, 0.13749074935913086, 1.3967406749725342]
[4, 17, 0.2686879634857178, 1.0314116477966309]
[4, 19, 1.2119114398956299, 4.265718936920166]
[4, 20, 2.5232186317443848, 8.647014617919922]
[2, 3, 0.0004734992980957031, 0.0003185272216796875]
[2, 4, 0.0005025863647460938, 0.0003077983856201172]
[2, 5, 0.0005910396575927734, 0.0004010200500488281]
[2, 6, 0.0005209445953369141, 0.0006544589996337891]
[2, 7, 0.0006256103515625, 0.0011518001556396484]
[2, 8, 0.0007681846618652344, 0.0022356510162353516]
[2, 9, 0.0010378360748291016, 0.004384756088256836]
[2, 10, 0.001689910888671875, 0.009469747543334961]
[2, 11, 0.003198862075805664, 0.01905679702758789]
[2, 12, 0.005679130554199219, 0.04208230972290039]
[2, 13, 0.011133193969726562, 0.08486700057983398]
[2, 14, 0.023276567459106445, 0.1769695281982422]
[2, 15, 0.05654406547546387, 0.36778807640075684]
[2, 16, 0.12473654747009277, 0.7451324462890625]
[2, 18, 0.5706658363342285, 3.470777750015259]
[2, 19, 1.189835548400879, 6.94348406791687]
[2, 20, 2.5213255882263184, 14.350274324417114]
[2, 21, 5.306500434875488, 30.12828302383423]
[2, 22, 11.408558130264282, 64.06465220451355]
[4, 3, 0.029201745986938477, 0.0009338855743408203]
[4, 4, 0.01071929931640625, 0.003190279006958008]
[4, 5, 0.0007603168487548828, 0.04941582679748535]
[4, 6, 0.012778520584106445, 0.006268978118896484]
[4, 7, 0.0006463527679443359, 0.0016741752624511719]
[4, 8, 0.008872747421264648, 0.011643648147583008]
[4, 9, 0.0012288093566894531, 0.014986515045166016]
[4, 10, 0.009629011154174805, 0.017732858657836914]
[4, 11, 0.003055572509765625, 0.014534711837768555]
[4, 12, 0.00950312614440918, 0.029930591583251953]
[4, 13, 0.012809991836547852, 0.05715346336364746]
[4, 14, 0.03101205825805664, 0.11952447891235352]
[4, 15, 0.0575709342956543, 0.23777461051940918]
[4, 16, 0.1372833251953125, 0.5331556797027588]
[4, 17, 0.269603967666626, 1.059340476989746]
[4, 18, 0.5646200180053711, 2.0828311443328857]
[4, 19, 1.230881690979004, 4.216841220855713]
[2, 3, 0.0004756450653076172, 0.00024127960205078125]
[2, 4, 0.0005464553833007812, 0.00030994415283203125]
[2, 5, 0.0005247592926025391, 0.0003991127014160156]
[2, 6, 0.0006427764892578125, 0.0006208419799804688]
[2, 7, 0.0007550716400146484, 0.0011487007141113281]
[2, 8, 0.0007948875427246094, 0.002238035202026367]
[2, 9, 0.0010449886322021484, 0.0045452117919921875]
[2, 10, 0.0018017292022705078, 0.009960174560546875]
[2, 11, 0.0030982494354248047, 0.020435571670532227]
[2, 12, 0.005616188049316406, 0.04125261306762695]
[2, 13, 0.011054277420043945, 0.0834953784942627]
[2, 14, 0.024272680282592773, 0.17950129508972168]
[2, 15, 0.05921196937561035, 0.37136387825012207]
[2, 16, 0.1289820671081543, 0.7939822673797607]
[2, 17, 0.2661588191986084, 1.5831422805786133]
[2, 18, 0.5650787353515625, 3.4233102798461914]
[2, 19, 1.219529390335083, 7.083566665649414]
[2, 20, 2.548814296722412, 14.843139886856079]
[2, 21, 5.345576763153076, 30.18358063697815]
[2, 22, 11.47532844543457, 62.73101830482483]
[4, 3, 0.0005736351013183594, 0.06302499771118164]
[4, 4, 0.0004951953887939453, 0.0009295940399169922]
[4, 5, 0.0007252693176269531, 0.04334616661071777]
[4, 6, 0.0006136894226074219, 0.0013244152069091797]
[4, 7, 0.0007951259613037109, 0.04870939254760742]
[4, 8, 0.019652843475341797, 0.0023026466369628906]
[4, 9, 0.005115509033203125, 0.014709711074829102]
[4, 10, 0.00170135498046875, 0.0073583126068115234]
[4, 11, 0.003058910369873047, 0.029439210891723633]
[4, 12, 0.006352901458740234, 0.03148818016052246]
[4, 13, 0.013952493667602539, 0.06566166877746582]
[4, 14, 0.025278329849243164, 0.11689233779907227]
[4, 15, 0.07352614402770996, 0.23137307167053223]
[4, 17, 0.2706453800201416, 1.0059092044830322]
[4, 18, 0.5957412719726562, 2.1365699768066406]
[4, 19, 1.233492374420166, 4.235203504562378]
[4, 20, 2.549037218093872, 8.465212345123291]
[4, 21, 5.518299579620361, 18.96356773376465]
[2, 3, 0.0010640621185302734, 0.0005118846893310547]
[2, 4, 0.006114959716796875, 0.0005652904510498047]
[2, 5, 0.017405271530151367, 0.0006272792816162109]
[2, 6, 0.000978708267211914, 0.0009605884552001953]
[2, 7, 0.0199434757232666, 0.0016260147094726562]
[2, 8, 0.0010290145874023438, 0.002850055694580078]
[2, 9, 0.0012831687927246094, 0.0050373077392578125]
[2, 10, 0.0018031597137451172, 0.009157896041870117]
[2, 11, 0.0031571388244628906, 0.019854068756103516]
[2, 12, 0.005590677261352539, 0.04042553901672363]
[2, 13, 0.011337757110595703, 0.08403539657592773]
[2, 14, 0.024139881134033203, 0.18225336074829102]
[2, 15, 0.056815147399902344, 0.3690483570098877]
[2, 16, 0.12742137908935547, 0.7608988285064697]
[2, 18, 0.5836236476898193, 3.4068641662597656]
[2, 20, 2.4944655895233154, 13.696086406707764]
[2, 22, 11.443334817886353, 62.90327763557434]
