[[0 0 0 0 0 0 0 0 0 0]
 [0 0 0 0 0 0 0 0 0 0]
 [0 0 0 0 0 0 0 0 0 0]
 [0 0 0 0 0 0 0 0 0 0]
 [0 1 1 0 0 0 0 0 0 0]
 [1 0 1 0 0 0 0 0 0 0]
 [1 0 0 0 0 0 0 0 0 0]
 [1 0 1 0 0 0 0 0 0 0]
 [0 1 1 0 0 0 0 0 1 1]
 [0 0 0 0 0 0 0 0 1 1]]
size: 1
time: 0.054039955139160156

[[0 0 0 0 0 0 0 0 0 0]
 [0 0 0 0 0 0 0 0 0 0]
 [0 0 0 0 0 0 0 0 0 0]
 [0 0 0 0 0 0 0 0 0 0]
 [0 1 1 0 0 0 0 0 0 0]
 [1 0 1 0 0 0 0 0 0 0]
 [1 0 0 0 0 0 0 0 0 0]
 [1 0 1 0 0 0 0 0 0 0]
 [0 1 1 0 0 0 0 0 1 1]
 [0 0 0 0 0 0 0 0 1 1]]
size: 1
time: 0.05639243125915527

[[0 0 0 0 0 0 0 0 0 0]
 [0 0 0 0 0 0 0 0 0 0]
 [0 0 0 0 0 0 0 0 0 0]
 [0 0 0 0 0 0 0 0 0 0]
 [0 1 1 0 0 0 0 0 0 0]
 [1 0 1 0 0 0 0 0 0 0]
 [1 0 0 0 0 0 0 0 0 0]
 [1 0 1 0 0 0 0 0 0 0]
 [0 1 1 0 0 0 0 0 1 1]
 [0 0 0 0 0 0 0 0 1 1]]
size: 1
time: 0.05939650535583496

[[0 0 0 0 0 0 0 0 0 0]
 [0 0 0 0 0 0 0 0 0 0]
 [0 0 0 0 0 0 0 0 0 0]
 [0 0 0 0 0 0 0 0 0 0]
 [0 1 1 0 0 0 0 0 0 0]
 [1 0 1 0 0 0 0 0 0 0]
 [1 0 0 0 0 0 0 0 0 0]
 [1 0 1 0 0 0 0 0 0 0]
 [0 1 1 0 0 0 0 0 1 1]
 [0 0 0 0 0 0 0 0 1 1]]
size: 1
time: 0.062424421310424805

[[0 0 0 0 0 0 0 0 0 0]
 [0 0 0 0 0 0 0 0 0 0]
 [0 0 0 0 0 0 0 0 0 0]
 [0 0 0 0 0 0 0 0 0 0]
 [0 1 1 0 0 0 0 0 0 0]
 [1 0 1 0 0 0 0 0 0 0]
 [1 0 0 0 0 0 0 0 0 0]
 [1 0 1 0 0 0 0 0 0 0]
 [0 1 1 0 0 0 0 0 1 1]
 [0 0 0 0 0 0 0 0 1 1]]
size: 1
time: 0.06856966018676758

[[0 0 0 0 0 0 0 0 0 0]
 [0 0 0 0 0 0 0 0 0 0]
 [0 0 0 0 0 0 0 0 0 0]
 [0 0 0 0 0 0 0 0 0 0]
 [0 1 1 0 0 0 0 0 0 0]
 [1 0 1 0 0 0 0 0 0 0]
 [1 0 0 0 0 0 0 0 0 0]
 [1 0 1 0 0 0 0 0 0 0]
 [0 1 1 0 0 0 0 0 1 1]
 [0 0 0 0 0 0 0 0 1 1]]
size: 1
time: 0.07071447372436523

[[0 0 0 0 0 0 0 0 0 0]
 [0 0 0 0 0 0 0 0 0 0]
 [0 0 0 0 0 0 0 0 0 0]
 [0 0 0 0 0 0 0 0 0 0]
 [0 1 1 0 0 0 0 0 0 0]
 [1 0 1 0 0 0 0 0 0 0]
 [1 0 0 0 0 0 0 0 0 0]
 [1 0 1 0 0 0 0 0 0 0]
 [0 1 1 0 0 0 0 0 1 1]
 [0 0 0 0 0 0 0 0 1 1]]
size: 1
time: 0.07211112976074219

[[0 0 0 0 0 0 0 0 0 0]
 [0 0 0 0 0 0 0 0 0 0]
 [0 0 0 0 0 0 0 0 0 0]
 [0 0 0 0 0 0 0 0 0 0]
 [0 1 1 0 0 0 0 0 0 0]
 [1 0 1 0 0 0 0 0 0 0]
 [1 0 0 0 0 0 0 0 0 0]
 [1 0 1 0 0 0 0 0 0 0]
 [0 1 1 0 0 0 0 0 1 1]
 [0 0 0 0 0 0 0 0 1 1]]
size: 1
time: 0.07555294036865234

[[0 0 0 0 0 0 0 0 0 0]
 [0 0 0 0 0 0 0 0 0 0]
 [0 0 0 0 0 0 0 0 0 0]
 [0 0 0 0 0 0 0 0 0 0]
 [0 1 1 0 0 0 0 0 0 0]
 [1 0 1 0 0 0 0 0 0 0]
 [1 0 0 0 0 0 0 0 0 0]
 [1 0 1 0 0 0 0 0 0 0]
 [0 1 1 0 0 0 0 0 1 1]
 [0 0 0 0 0 0 0 0 1 1]]
size: 1
time: 0.08006834983825684

[[0 0 0 0 0 0 0 0 0 0]
 [0 0 0 0 0 0 0 0 0 0]
 [0 0 0 0 0 0 0 0 0 0]
 [0 0 0 0 0 0 0 0 0 0]
 [0 1 1 0 0 0 0 0 0 0]
 [1 0 1 0 0 0 0 0 0 0]
 [1 0 0 0 0 0 0 0 0 0]
 [1 0 1 0 0 0 0 0 0 0]
 [0 1 1 0 0 0 0 0 1 1]
 [0 0 0 0 0 0 0 0 1 1]]
size: 1
time: 0.08584165573120117

[[0 0 0 0 0 0 0 0 0 0]
 [0 0 0 0 0 0 0 0 0 0]
 [0 0 0 0 0 0 0 0 0 0]
 [0 0 0 0 0 0 0 0 0 0]
 [0 1 1 0 0 0 0 0 0 0]
 [1 0 1 0 0 0 0 0 0 0]
 [1 0 0 0 0 0 0 0 0 0]
 [1 0 1 0 0 0 0 0 0 0]
 [0 1 1 0 0 0 0 0 1 1]
 [0 0 0 0 0 0 0 0 1 1]]
size: 1
time: 0.08417272567749023

[[1 1 0 0 0 0 0 0 1 1]
 [1 1 1 0 0 0 0 0 1 1]
 [0 0 1 0 0 0 0 0 0 1]
 [0 0 0 0 0 0 0 0 0 1]
 [0 0 0 0 0 0 0 0 0 0]
 [0 0 1 1 0 0 0 0 1 1]
 [0 1 1 0 0 0 0 0 0 0]
 [0 0 0 0 1 0 0 0 0 0]
 [1 0 0 1 0 0 0 0 0 1]
 [1 0 0 0 0 0 0 0 1 1]]
size: 1
time: 6.9141387939453125e-06

[[1 0 1 0 0 0 0 0 1 1]
 [1 0 1 0 0 0 0 0 0 0]
 [0 0 1 0 0 0 0 0 0 1]
 [0 0 0 0 0 0 0 0 0 0]
 [0 0 0 0 0 0 0 0 1 1]
 [0 1 1 1 0 0 0 0 0 0]
 [0 1 1 0 0 0 0 0 0 0]
 [0 1 1 1 0 0 0 0 0 0]
 [0 0 0 0 0 0 0 0 1 1]
 [0 0 0 0 0 0 0 0 1 1]]
size: 1
time: 0.0030007362365722656

[[0 0 0 0 0 0 0 0 0 0]
 [0 0 1 1 0 0 0 0 1 1]
 [0 1 0 0 0 0 0 0 0 0]
 [0 0 0 0 0 0 0 0 1 1]
 [0 0 1 0 0 0 0 0 0 0]
 [0 1 0 1 0 0 0 0 0 0]
 [1 0 0 0 0 0 0 0 0 0]
 [0 1 0 1 0 0 0 0 0 0]
 [0 0 1 0 0 0 0 0 1 1]
 [0 0 0 0 0 0 0 0 1 1]]
size: 1
time: 0.005907773971557617

[[0 0 0 0 0 0 0 0 0 0]
 [0 0 1 0 0 0 0 0 0 0]
 [0 0 1 0 0 0 0 0 0 0]
 [0 0 0 0 0 0 0 0 0 0]
 [0 0 1 0 0 0 0 0 0 0]
 [0 1 1 0 0 0 0 0 0 0]
 [1 1 0 0 0 0 0 0 0 0]
 [0 1 1 0 0 0 0 0 0 0]
 [0 0 1 0 0 0 0 0 1 1]
 [0 0 0 0 0 0 0 0 1 1]]
size: 1
time: 0.008913278579711914

[[0 0 0 0 0 0 0 0 0 0]
 [0 0 0 0 0 0 0 0 0 0]
 [0 0 0 0 0 0 0 0 0 0]
 [0 0 0 0 0 0 0 0 0 0]
 [0 1 1 0 0 0 0 0 0 0]
 [1 0 1 0 0 0 0 0 0 0]
 [1 0 0 0 0 0 0 0 0 0]
 [1 0 1 0 0 0 0 0 0 0]
 [0 1 1 0 0 0 0 0 1 1]
 [0 0 0 0 0 0 0 0 1 1]]
size: 1
time: 0.011623382568359375

[[0 0 0 0 0 0 0 0 0 0]
 [0 0 0 0 0 0 0 0 0 0]
 [0 0 0 0 0 0 0 0 0 0]
 [0 0 0 0 0 0 0 0 0 0]
 [0 1 1 0 0 0 0 0 0 0]
 [1 0 1 0 0 0 0 0 0 0]
 [1 0 0 0 0 0 0 0 0 0]
 [1 0 1 0 0 0 0 0 0 0]
 [0 1 1 0 0 0 0 0 1 1]
 [0 0 0 0 0 0 0 0 1 1]]
size: 1
time: 0.014829158782958984

[[0 0 0 0 0 0 0 0 0 0]
 [0 0 0 0 0 0 0 0 0 0]
 [0 0 0 0 0 0 0 0 0 0]
 [0 0 0 0 0 0 0 0 0 0]
 [0 1 1 0 0 0 0 0 0 0]
 [1 0 1 0 0 0 0 0 0 0]
 [1 0 0 0 0 0 0 0 0 0]
 [1 0 1 0 0 0 0 0 0 0]
 [0 1 1 0 0 0 0 0 1 1]
 [0 0 0 0 0 0 0 0 1 1]]
size: 1
time: 0.017490625381469727

[[0 0 0 0 0 0 0 0 0 0]
 [0 0 0 0 0 0 0 0 0 0]
 [0 0 0 0 0 0 0 0 0 0]
 [0 0 0 0 0 0 0 0 0 0]
 [0 1 1 0 0 0 0 0 0 0]
 [1 0 1 0 0 0 0 0 0 0]
 [1 0 0 0 0 0 0 0 0 0]
 [1 0 1 0 0 0 0 0 0 0]
 [0 1 1 0 0 0 0 0 1 1]
 [0 0 0 0 0 0 0 0 1 1]]
size: 1
time: 0.020054340362548828

[[0 0 0 0 0 0 0 0 0 0]
 [0 0 0 0 0 0 0 0 0 0]
 [0 0 0 0 0 0 0 0 0 0]
 [0 0 0 0 0 0 0 0 0 0]
 [0 1 1 0 0 0 0 0 0 0]
 [1 0 1 0 0 0 0 0 0 0]
 [1 0 0 0 0 0 0 0 0 0]
 [1 0 1 0 0 0 0 0 0 0]
 [0 1 1 0 0 0 0 0 1 1]
 [0 0 0 0 0 0 0 0 1 1]]
size: 1
time: 0.024026870727539062

[[0 0 0 0 0 0 0 0 0 0]
 [0 0 0 0 0 0 0 0 0 0]
 [0 0 0 0 0 0 0 0 0 0]
 [0 0 0 0 0 0 0 0 0 0]
 [0 1 1 0 0 0 0 0 0 0]
 [1 0 1 0 0 0 0 0 0 0]
 [1 0 0 0 0 0 0 0 0 0]
 [1 0 1 0 0 0 0 0 0 0]
 [0 1 1 0 0 0 0 0 1 1]
 [0 0 0 0 0 0 0 0 1 1]]
size: 1
time: 0.026739120483398438

[[0 0 0 0 0 0 0 0 0 0]
 [0 0 0 0 0 0 0 0 0 0]
 [0 0 0 0 0 0 0 0 0 0]
 [0 0 0 0 0 0 0 0 0 0]
 [0 1 1 0 0 0 0 0 0 0]
 [1 0 1 0 0 0 0 0 0 0]
 [1 0 0 0 0 0 0 0 0 0]
 [1 0 1 0 0 0 0 0 0 0]
 [0 1 1 0 0 0 0 0 1 1]
 [0 0 0 0 0 0 0 0 1 1]]
size: 1
time: 0.030353784561157227

[[0 0 0 0 0 0 0 0 0 0]
 [0 0 0 0 0 0 0 0 0 0]
 [0 0 0 0 0 0 0 0 0 0]
 [0 0 0 0 0 0 0 0 0 0]
 [0 1 1 0 0 0 0 0 0 0]
 [1 0 1 0 0 0 0 0 0 0]
 [1 0 0 0 0 0 0 0 0 0]
 [1 0 1 0 0 0 0 0 0 0]
 [0 1 1 0 0 0 0 0 1 1]
 [0 0 0 0 0 0 0 0 1 1]]
size: 1
time: 0.03190779685974121

[[0 0 0 0 0 0 0 0 0 0]
 [0 0 0 0 0 0 0 0 0 0]
 [0 0 0 0 0 0 0 0 0 0]
 [0 0 0 0 0 0 0 0 0 0]
 [0 1 1 0 0 0 0 0 0 0]
 [1 0 1 0 0 0 0 0 0 0]
 [1 0 0 0 0 0 0 0 0 0]
 [1 0 1 0 0 0 0 0 0 0]
 [0 1 1 0 0 0 0 0 1 1]
 [0 0 0 0 0 0 0 0 1 1]]
size: 1
time: 0.034644365310668945

[[0 0 0 0 0 0 0 0 0 0]
 [0 0 0 0 0 0 0 0 0 0]
 [0 0 0 0 0 0 0 0 0 0]
 [0 0 0 0 0 0 0 0 0 0]
 [0 1 1 0 0 0 0 0 0 0]
 [1 0 1 0 0 0 0 0 0 0]
 [1 0 0 0 0 0 0 0 0 0]
 [1 0 1 0 0 0 0 0 0 0]
 [0 1 1 0 0 0 0 0 1 1]
 [0 0 0 0 0 0 0 0 1 1]]
size: 1
time: 0.037741899490356445

[[0 0 0 0 0 0 0 0 0 0]
 [0 0 0 0 0 0 0 0 0 0]
 [0 0 0 0 0 0 0 0 0 0]
 [0 0 0 0 0 0 0 0 0 0]
 [0 1 1 0 0 0 0 0 0 0]
 [1 0 1 0 0 0 0 0 0 0]
 [1 0 0 0 0 0 0 0 0 0]
 [1 0 1 0 0 0 0 0 0 0]
 [0 1 1 0 0 0 0 0 1 1]
 [0 0 0 0 0 0 0 0 1 1]]
size: 1
time: 0.04065871238708496

[[0 0 0 0 0 0 0 0 0 0]
 [0 0 0 0 0 0 0 0 0 0]
 [0 0 0 0 0 0 0 0 0 0]
 [0 0 0 0 0 0 0 0 0 0]
 [0 1 1 0 0 0 0 0 0 0]
 [1 0 1 0 0 0 0 0 0 0]
 [1 0 0 0 0 0 0 0 0 0]
 [1 0 1 0 0 0 0 0 0 0]
 [0 1 1 0 0 0 0 0 1 1]
 [0 0 0 0 0 0 0 0 1 1]]
size: 1
time: 0.0434725284576416

[[0 0 0 0 0 0 0 0 0 0]
 [0 0 0 0 0 0 0 0 0 0]
 [0 0 0 0 0 0 0 0 0 0]
 [0 0 0 0 0 0 0 0 0 0]
 [0 1 1 0 0 0 0 0 0 0]
 [1 0 1 0 0 0 0 0 0 0]
 [1 0 0 0 0 0 0 0 0 0]
 [1 0 1 0 0 0 0 0 0 0]
 [0 1 1 0 0 0 0 0 1 1]
 [0 0 0 0 0 0 0 0 1 1]]
size: 1
time: 0.046514272689819336

[[0 0 0 0 0 0 0 0 0 0]
 [0 0 0 0 0 0 0 0 0 0]
 [0 0 0 0 0 0 0 0 0 0]
 [0 0 0 0 0 0 0 0 0 0]
 [0 1 1 0 0 0 0 0 0 0]
 [1 0 1 0 0 0 0 0 0 0]
 [1 0 0 0 0 0 0 0 0 0]
 [1 0 1 0 0 0 0 0 0 0]
 [0 1 1 0 0 0 0 0 1 1]
 [0 0 0 0 0 0 0 0 1 1]]
size: 1
time: 0.04925179481506348

[[0 0 0 0 0 0 0 0 0 0]
 [0 0 0 0 0 0 0 0 0 0]
 [0 0 0 0 0 0 0 0 0 0]
 [0 0 0 0 0 0 0 0 0 0]
 [0 1 1 0 0 0 0 0 0 0]
 [1 0 1 0 0 0 0 0 0 0]
 [1 0 0 0 0 0 0 0 0 0]
 [1 0 1 0 0 0 0 0 0 0]
 [0 1 1 0 0 0 0 0 1 1]
 [0 0 0 0 0 0 0 0 1 1]]
size: 1
time: 0.05445742607116699

[[0 0 0 0 0 0 0 0 0 0]
 [0 0 0 0 0 0 0 0 0 0]
 [0 0 0 0 0 0 0 0 0 0]
 [0 0 0 0 0 0 0 0 0 0]
 [0 1 1 0 0 0 0 0 0 0]
 [1 0 1 0 0 0 0 0 0 0]
 [1 0 0 0 0 0 0 0 0 0]
 [1 0 1 0 0 0 0 0 0 0]
 [0 1 1 0 0 0 0 0 1 1]
 [0 0 0 0 0 0 0 0 1 1]]
size: 1
time: 0.054973602294921875

[[0 0 0 0 0 0 0 0 0 0]
 [0 0 0 0 0 0 0 0 0 0]
 [0 0 0 0 0 0 0 0 0 0]
 [0 0 0 0 0 0 0 0 0 0]
 [0 1 1 0 0 0 0 0 0 0]
 [1 0 1 0 0 0 0 0 0 0]
 [1 0 0 0 0 0 0 0 0 0]
 [1 0 1 0 0 0 0 0 0 0]
 [0 1 1 0 0 0 0 0 1 1]
 [0 0 0 0 0 0 0 0 1 1]]
size: 1
time: 0.05772805213928223

[[0 0 0 0 0 0 0 0 0 0]
 [0 0 0 0 0 0 0 0 0 0]
 [0 0 0 0 0 0 0 0 0 0]
 [0 0 0 0 0 0 0 0 0 0]
 [0 1 1 0 0 0 0 0 0 0]
 [1 0 1 0 0 0 0 0 0 0]
 [1 0 0 0 0 0 0 0 0 0]
 [1 0 1 0 0 0 0 0 0 0]
 [0 1 1 0 0 0 0 0 1 1]
 [0 0 0 0 0 0 0 0 1 1]]
size: 1
time: 0.060906410217285156

[[0 0 0 0 0 0 0 0 0 0]
 [0 0 0 0 0 0 0 0 0 0]
 [0 0 0 0 0 0 0 0 0 0]
 [0 0 0 0 0 0 0 0 0 0]
 [0 1 1 0 0 0 0 0 0 0]
 [1 0 1 0 0 0 0 0 0 0]
 [1 0 0 0 0 0 0 0 0 0]
 [1 0 1 0 0 0 0 0 0 0]
 [0 1 1 0 0 0 0 0 1 1]
 [0 0 0 0 0 0 0 0 1 1]]
size: 1
time: 0.0641016960144043

[[0 0 0 0 0 0 0 0 0 0]
 [0 0 0 0 0 0 0 0 0 0]
 [0 0 0 0 0 0 0 0 0 0]
 [0 0 0 0 0 0 0 0 0 0]
 [0 1 1 0 0 0 0 0 0 0]
 [1 0 1 0 0 0 0 0 0 0]
 [1 0 0 0 0 0 0 0 0 0]
 [1 0 1 0 0 0 0 0 0 0]
 [0 1 1 0 0 0 0 0 1 1]
 [0 0 0 0 0 0 0 0 1 1]]
size: 1
time: 0.06677532196044922

[[0 0 0 0 0 0 0 0 0 0]
 [0 0 0 0 0 0 0 0 0 0]
 [0 0 0 0 0 0 0 0 0 0]
 [0 0 0 0 0 0 0 0 0 0]
 [0 1 1 0 0 0 0 0 0 0]
 [1 0 1 0 0 0 0 0 0 0]
 [1 0 0 0 0 0 0 0 0 0]
 [1 0 1 0 0 0 0 0 0 0]
 [0 1 1 0 0 0 0 0 1 1]
 [0 0 0 0 0 0 0 0 1 1]]
size: 1
time: 0.06967759132385254

[[0 0 0 0 0 0 0 0 0 0]
 [0 0 0 0 0 0 0 0 0 0]
 [0 0 0 0 0 0 0 0 0 0]
 [0 0 0 0 0 0 0 0 0 0]
 [0 1 1 0 0 0 0 0 0 0]
 [1 0 1 0 0 0 0 0 0 0]
 [1 0 0 0 0 0 0 0 0 0]
 [1 0 1 0 0 0 0 0 0 0]
 [0 1 1 0 0 0 0 0 1 1]
 [0 0 0 0 0 0 0 0 1 1]]
size: 1
time: 0.07735538482666016

[[0 0 0 0 0 0 0 0 0 0]
 [0 0 0 0 0 0 0 0 0 0]
 [0 0 0 0 0 0 0 0 0 0]
 [0 0 0 0 0 0 0 0 0 0]
 [0 1 1 0 0 0 0 0 0 0]
 [1 0 1 0 0 0 0 0 0 0]
 [1 0 0 0 0 0 0 0 0 0]
 [1 0 1 0 0 0 0 0 0 0]
 [0 1 1 0 0 0 0 0 1 1]
 [0 0 0 0 0 0 0 0 1 1]]
size: 1
time: 0.07664823532104492

[[0 0 0 0 0 0 0 0 0 0]
 [0 0 0 0 0 0 0 0 0 0]
 [0 0 0 0 0 0 0 0 0 0]
 [0 0 0 0 0 0 0 0 0 0]
 [0 1 1 0 0 0 0 0 0 0]
 [1 0 1 0 0 0 0 0 0 0]
 [1 0 0 0 0 0 0 0 0 0]
 [1 0 1 0 0 0 0 0 0 0]
 [0 1 1 0 0 0 0 0 1 1]
 [0 0 0 0 0 0 0 0 1 1]]
size: 1
time: 0.07750868797302246

[[0 0 0 0 0 0 0 0 0 0]
 [0 0 0 0 0 0 0 0 0 0]
 [0 0 0 0 0 0 0 0 0 0]
 [0 0 0 0 0 0 0 0 0 0]
 [0 1 1 0 0 0 0 0 0 0]
 [1 0 1 0 0 0 0 0 0 0]
 [1 0 0 0 0 0 0 0 0 0]
 [1 0 1 0 0 0 0 0 0 0]
 [0 1 1 0 0 0 0 0 1 1]
 [0 0 0 0 0 0 0 0 1 1]]
size: 1
time: 0.08365273475646973

[[0 0 0 0 0 0 0 0 0 0]
 [0 0 0 0 0 0 0 0 0 0]
 [0 0 0 0 0 0 0 0 0 0]
 [0 0 0 0 0 0 0 0 0 0]
 [0 1 1 0 0 0 0 0 0 0]
 [1 0 1 0 0 0 0 0 0 0]
 [1 0 0 0 0 0 0 0 0 0]
 [1 0 1 0 0 0 0 0 0 0]
 [0 1 1 0 0 0 0 0 1 1]
 [0 0 0 0 0 0 0 0 1 1]]
size: 1
time: 0.08368802070617676

[[0 0 0 0 0 0 0 0 0 0]
 [0 0 0 0 0 0 0 0 0 0]
 [0 0 0 0 0 0 0 0 0 0]
 [0 0 0 0 0 0 0 0 0 0]
 [0 1 1 0 0 0 0 0 0 0]
 [1 0 1 0 0 0 0 0 0 0]
 [1 0 0 0 0 0 0 0 0 0]
 [1 0 1 0 0 0 0 0 0 0]
 [0 1 1 0 0 0 0 0 1 1]
 [0 0 0 0 0 0 0 0 1 1]]
size: 1
time: 0.08635663986206055

[[0 0 0 0 0 0 0 0 0 0]
 [0 0 0 0 0 0 0 0 0 0]
 [0 0 0 0 0 0 0 0 0 0]
 [0 0 0 0 0 0 0 0 0 0]
 [0 1 1 0 0 0 0 0 0 0]
 [1 0 1 0 0 0 0 0 0 0]
 [1 0 0 0 0 0 0 0 0 0]
 [1 0 1 0 0 0 0 0 0 0]
 [0 1 1 0 0 0 0 0 1 1]
 [0 0 0 0 0 0 0 0 1 1]]
size: 1
time: 0.09005308151245117

[[0 0 0 0 0 0 0 0 0 0]
 [0 0 0 0 0 0 0 0 0 0]
 [0 0 0 0 0 0 0 0 0 0]
 [0 0 0 0 0 0 0 0 0 0]
 [0 1 1 0 0 0 0 0 0 0]
 [1 0 1 0 0 0 0 0 0 0]
 [1 0 0 0 0 0 0 0 0 0]
 [1 0 1 0 0 0 0 0 0 0]
 [0 1 1 0 0 0 0 0 1 1]
 [0 0 0 0 0 0 0 0 1 1]]
size: 1
time: 0.09281444549560547

[[0 0 0 0 0 0 0 0 0 0]
 [0 0 0 0 0 0 0 0 0 0]
 [0 0 0 0 0 0 0 0 0 0]
 [0 0 0 0 0 0 0 0 0 0]
 [0 1 1 0 0 0 0 0 0 0]
 [1 0 1 0 0 0 0 0 0 0]
 [1 0 0 0 0 0 0 0 0 0]
 [1 0 1 0 0 0 0 0 0 0]
 [0 1 1 0 0 0 0 0 1 1]
 [0 0 0 0 0 0 0 0 1 1]]
size: 1
time: 0.09588122367858887

[[0 0 0 0 0 0 0 0 0 0]
 [0 0 0 0 0 0 0 0 0 0]
 [0 0 0 0 0 0 0 0 0 0]
 [0 0 0 0 0 0 0 0 0 0]
 [0 1 1 0 0 0 0 0 0 0]
 [1 0 1 0 0 0 0 0 0 0]
 [1 0 0 0 0 0 0 0 0 0]
 [1 0 1 0 0 0 0 0 0 0]
 [0 1 1 0 0 0 0 0 1 1]
 [0 0 0 0 0 0 0 0 1 1]]
size: 1
time: 0.09646487236022949

[[0 0 0 0 0 0 0 0 0 0]
 [0 0 0 0 0 0 0 0 0 0]
 [0 0 0 0 0 0 0 0 0 0]
 [0 0 0 0 0 0 0 0 0 0]
 [0 1 1 0 0 0 0 0 0 0]
 [1 0 1 0 0 0 0 0 0 0]
 [1 0 0 0 0 0 0 0 0 0]
 [1 0 1 0 0 0 0 0 0 0]
 [0 1 1 0 0 0 0 0 1 1]
 [0 0 0 0 0 0 0 0 1 1]]
size: 1
time: 0.10074973106384277

[[0 0 0 0 0 0 0 0 0 0]
 [0 0 0 0 0 0 0 0 0 0]
 [0 0 0 0 0 0 0 0 0 0]
 [0 0 0 0 0 0 0 0 0 0]
 [0 1 1 0 0 0 0 0 0 0]
 [1 0 1 0 0 0 0 0 0 0]
 [1 0 0 0 0 0 0 0 0 0]
 [1 0 1 0 0 0 0 0 0 0]
 [0 1 1 0 0 0 0 0 1 1]
 [0 0 0 0 0 0 0 0 1 1]]
size: 1
time: 0.10407519340515137

[[0 0 0 0 0 0 0 0 0 0]
 [0 0 0 0 0 0 0 0 0 0]
 [0 0 0 0 0 0 0 0 0 0]
 [0 0 0 0 0 0 0 0 0 0]
 [0 1 1 0 0 0 0 0 0 0]
 [1 0 1 0 0 0 0 0 0 0]
 [1 0 0 0 0 0 0 0 0 0]
 [1 0 1 0 0 0 0 0 0 0]
 [0 1 1 0 0 0 0 0 1 1]
 [0 0 0 0 0 0 0 0 1 1]]
size: 1
time: 0.10642313957214355

[[0 0 0 0 0 0 0 0 0 0]
 [0 0 0 0 0 0 0 0 0 0]
 [0 0 0 0 0 0 0 0 0 0]
 [0 0 0 0 0 0 0 0 0 0]
 [0 1 1 0 0 0 0 0 0 0]
 [1 0 1 0 0 0 0 0 0 0]
 [1 0 0 0 0 0 0 0 0 0]
 [1 0 1 0 0 0 0 0 0 0]
 [0 1 1 0 0 0 0 0 1 1]
 [0 0 0 0 0 0 0 0 1 1]]
size: 1
time: 0.11312127113342285

[[0 0 0 0 0 0 0 0 0 0]
 [0 0 0 0 0 0 0 0 0 0]
 [0 0 0 0 0 0 0 0 0 0]
 [0 0 0 0 0 0 0 0 0 0]
 [0 1 1 0 0 0 0 0 0 0]
 [1 0 1 0 0 0 0 0 0 0]
 [1 0 0 0 0 0 0 0 0 0]
 [1 0 1 0 0 0 0 0 0 0]
 [0 1 1 0 0 0 0 0 1 1]
 [0 0 0 0 0 0 0 0 1 1]]
size: 1
time: 0.11751532554626465

[[0 0 0 0 0 0 0 0 0 0]
 [0 0 0 0 0 0 0 0 0 0]
 [0 0 0 0 0 0 0 0 0 0]
 [0 0 0 0 0 0 0 0 0 0]
 [0 1 1 0 0 0 0 0 0 0]
 [1 0 1 0 0 0 0 0 0 0]
 [1 0 0 0 0 0 0 0 0 0]
 [1 0 1 0 0 0 0 0 0 0]
 [0 1 1 0 0 0 0 0 1 1]
 [0 0 0 0 0 0 0 0 1 1]]
size: 1
time: 0.11528730392456055

[[0 0 0 0 0 0 0 0 0 0]
 [0 0 0 0 0 0 0 0 0 0]
 [0 0 0 0 0 0 0 0 0 0]
 [0 0 0 0 0 0 0 0 0 0]
 [0 1 1 0 0 0 0 0 0 0]
 [1 0 1 0 0 0 0 0 0 0]
 [1 0 0 0 0 0 0 0 0 0]
 [1 0 1 0 0 0 0 0 0 0]
 [0 1 1 0 0 0 0 0 1 1]
 [0 0 0 0 0 0 0 0 1 1]]
size: 1
time: 0.1180729866027832

[[0 0 0 0 0 0 0 0 0 0]
 [0 0 0 0 0 0 0 0 0 0]
 [0 0 0 0 0 0 0 0 0 0]
 [0 0 0 0 0 0 0 0 0 0]
 [0 1 1 0 0 0 0 0 0 0]
 [1 0 1 0 0 0 0 0 0 0]
 [1 0 0 0 0 0 0 0 0 0]
 [1 0 1 0 0 0 0 0 0 0]
 [0 1 1 0 0 0 0 0 1 1]
 [0 0 0 0 0 0 0 0 1 1]]
size: 1
time: 0.12245821952819824

[[0 0 0 0 0 0 0 0 0 0]
 [0 0 0 0 0 0 0 0 0 0]
 [0 0 0 0 0 0 0 0 0 0]
 [0 0 0 0 0 0 0 0 0 0]
 [0 1 1 0 0 0 0 0 0 0]
 [1 0 1 0 0 0 0 0 0 0]
 [1 0 0 0 0 0 0 0 0 0]
 [1 0 1 0 0 0 0 0 0 0]
 [0 1 1 0 0 0 0 0 1 1]
 [0 0 0 0 0 0 0 0 1 1]]
size: 1
time: 0.12925982475280762

[[0 0 0 0 0 0 0 0 0 0]
 [0 0 0 0 0 0 0 0 0 0]
 [0 0 0 0 0 0 0 0 0 0]
 [0 0 0 0 0 0 0 0 0 0]
 [0 1 1 0 0 0 0 0 0 0]
 [1 0 1 0 0 0 0 0 0 0]
 [1 0 0 0 0 0 0 0 0 0]
 [1 0 1 0 0 0 0 0 0 0]
 [0 1 1 0 0 0 0 0 1 1]
 [0 0 0 0 0 0 0 0 1 1]]
size: 1
time: 0.12838077545166016

[[0 0 0 0 0 0 0 0 0 0]
 [0 0 0 0 0 0 0 0 0 0]
 [0 0 0 0 0 0 0 0 0 0]
 [0 0 0 0 0 0 0 0 0 0]
 [0 1 1 0 0 0 0 0 0 0]
 [1 0 1 0 0 0 0 0 0 0]
 [1 0 0 0 0 0 0 0 0 0]
 [1 0 1 0 0 0 0 0 0 0]
 [0 1 1 0 0 0 0 0 1 1]
 [0 0 0 0 0 0 0 0 1 1]]
size: 1
time: 0.1306171417236328

[[0 0 0 0 0 0 0 0 0 0]
 [0 0 0 0 0 0 0 0 0 0]
 [0 0 0 0 0 0 0 0 0 0]
 [0 0 0 0 0 0 0 0 0 0]
 [0 1 1 0 0 0 0 0 0 0]
 [1 0 1 0 0 0 0 0 0 0]
 [1 0 0 0 0 0 0 0 0 0]
 [1 0 1 0 0 0 0 0 0 0]
 [0 1 1 0 0 0 0 0 1 1]
 [0 0 0 0 0 0 0 0 1 1]]
size: 1
time: 0.13253402709960938

[[0 0 0 0 0 0 0 0 0 0]
 [0 0 0 0 0 0 0 0 0 0]
 [0 0 0 0 0 0 0 0 0 0]
 [0 0 0 0 0 0 0 0 0 0]
 [0 1 1 0 0 0 0 0 0 0]
 [1 0 1 0 0 0 0 0 0 0]
 [1 0 0 0 0 0 0 0 0 0]
 [1 0 1 0 0 0 0 0 0 0]
 [0 1 1 0 0 0 0 0 1 1]
 [0 0 0 0 0 0 0 0 1 1]]
size: 1
time: 0.1423182487487793

[[0 0 0 0 0 0 0 0 0 0]
 [0 0 0 0 0 0 0 0 0 0]
 [0 0 0 0 0 0 0 0 0 0]
 [0 0 0 0 0 0 0 0 0 0]
 [0 1 1 0 0 0 0 0 0 0]
 [1 0 1 0 0 0 0 0 0 0]
 [1 0 0 0 0 0 0 0 0 0]
 [1 0 1 0 0 0 0 0 0 0]
 [0 1 1 0 0 0 0 0 1 1]
 [0 0 0 0 0 0 0 0 1 1]]
size: 1
time: 0.13785195350646973

[[0 0 0 0 0 0 0 0 0 0]
 [0 0 0 0 0 0 0 0 0 0]
 [0 0 0 0 0 0 0 0 0 0]
 [0 0 0 0 0 0 0 0 0 0]
 [0 1 1 0 0 0 0 0 0 0]
 [1 0 1 0 0 0 0 0 0 0]
 [1 0 0 0 0 0 0 0 0 0]
 [1 0 1 0 0 0 0 0 0 0]
 [0 1 1 0 0 0 0 0 1 1]
 [0 0 0 0 0 0 0 0 1 1]]
size: 1
time: 0.14277362823486328

[[0 0 0 0 0 0 0 0 0 0]
 [0 0 0 0 0 0 0 0 0 0]
 [0 0 0 0 0 0 0 0 0 0]
 [0 0 0 0 0 0 0 0 0 0]
 [0 1 1 0 0 0 0 0 0 0]
 [1 0 1 0 0 0 0 0 0 0]
 [1 0 0 0 0 0 0 0 0 0]
 [1 0 1 0 0 0 0 0 0 0]
 [0 1 1 0 0 0 0 0 1 1]
 [0 0 0 0 0 0 0 0 1 1]]
size: 1
time: 0.14940428733825684

[[0 0 0 0 0 0 0 0 0 0]
 [0 0 0 0 0 0 0 0 0 0]
 [0 0 0 0 0 0 0 0 0 0]
 [0 0 0 0 0 0 0 0 0 0]
 [0 1 1 0 0 0 0 0 0 0]
 [1 0 1 0 0 0 0 0 0 0]
 [1 0 0 0 0 0 0 0 0 0]
 [1 0 1 0 0 0 0 0 0 0]
 [0 1 1 0 0 0 0 0 1 1]
 [0 0 0 0 0 0 0 0 1 1]]
size: 1
time: 0.152801513671875

[[0 0 0 0 0 0 0 0 0 0]
 [0 0 0 0 0 0 0 0 0 0]
 [0 0 0 0 0 0 0 0 0 0]
 [0 0 0 0 0 0 0 0 0 0]
 [0 1 1 0 0 0 0 0 0 0]
 [1 0 1 0 0 0 0 0 0 0]
 [1 0 0 0 0 0 0 0 0 0]
 [1 0 1 0 0 0 0 0 0 0]
 [0 1 1 0 0 0 0 0 1 1]
 [0 0 0 0 0 0 0 0 1 1]]
size: 1
time: 0.15645623207092285

[[0 0 0 0 0 0 0 0 0 0]
 [0 0 0 0 0 0 0 0 0 0]
 [0 0 0 0 0 0 0 0 0 0]
 [0 0 0 0 0 0 0 0 0 0]
 [0 1 1 0 0 0 0 0 0 0]
 [1 0 1 0 0 0 0 0 0 0]
 [1 0 0 0 0 0 0 0 0 0]
 [1 0 1 0 0 0 0 0 0 0]
 [0 1 1 0 0 0 0 0 1 1]
 [0 0 0 0 0 0 0 0 1 1]]
size: 1
time: 0.1539628505706787

[[0 0 0 0 0 0 0 0 0 0]
 [0 0 0 0 0 0 0 0 0 0]
 [0 0 0 0 0 0 0 0 0 0]
 [0 0 0 0 0 0 0 0 0 0]
 [0 1 1 0 0 0 0 0 0 0]
 [1 0 1 0 0 0 0 0 0 0]
 [1 0 0 0 0 0 0 0 0 0]
 [1 0 1 0 0 0 0 0 0 0]
 [0 1 1 0 0 0 0 0 1 1]
 [0 0 0 0 0 0 0 0 1 1]]
size: 1
time: 0.15691447257995605

[[0 0 0 0 0 0 0 0 0 0]
 [0 0 0 0 0 0 0 0 0 0]
 [0 0 0 0 0 0 0 0 0 0]
 [0 0 0 0 0 0 0 0 0 0]
 [0 1 1 0 0 0 0 0 0 0]
 [1 0 1 0 0 0 0 0 0 0]
 [1 0 0 0 0 0 0 0 0 0]
 [1 0 1 0 0 0 0 0 0 0]
 [0 1 1 0 0 0 0 0 1 1]
 [0 0 0 0 0 0 0 0 1 1]]
size: 1
time: 0.15984535217285156

[[0 0 0 0 0 0 0 0 0 0]
 [0 0 0 0 0 0 0 0 0 0]
 [0 0 0 0 0 0 0 0 0 0]
 [0 0 0 0 0 0 0 0 0 0]
 [0 1 1 0 0 0 0 0 0 0]
 [1 0 1 0 0 0 0 0 0 0]
 [1 0 0 0 0 0 0 0 0 0]
 [1 0 1 0 0 0 0 0 0 0]
 [0 1 1 0 0 0 0 0 1 1]
 [0 0 0 0 0 0 0 0 1 1]]
size: 1
time: 0.1638038158416748

[[0 0 0 0 0 0 0 0 0 0]
 [0 0 0 0 0 0 0 0 0 0]
 [0 0 0 0 0 0 0 0 0 0]
 [0 0 0 0 0 0 0 0 0 0]
 [0 1 1 0 0 0 0 0 0 0]
 [1 0 1 0 0 0 0 0 0 0]
 [1 0 0 0 0 0 0 0 0 0]
 [1 0 1 0 0 0 0 0 0 0]
 [0 1 1 0 0 0 0 0 1 1]
 [0 0 0 0 0 0 0 0 1 1]]
size: 1
time: 0.1652240753173828

[[0 0 0 0 0 0 0 0 0 0]
 [0 0 0 0 0 0 0 0 0 0]
 [0 0 0 0 0 0 0 0 0 0]
 [0 0 0 0 0 0 0 0 0 0]
 [0 1 1 0 0 0 0 0 0 0]
 [1 0 1 0 0 0 0 0 0 0]
 [1 0 0 0 0 0 0 0 0 0]
 [1 0 1 0 0 0 0 0 0 0]
 [0 1 1 0 0 0 0 0 1 1]
 [0 0 0 0 0 0 0 0 1 1]]
size: 1
time: 0.1701972484588623

[[0 0 0 0 0 0 0 0 0 0]
 [0 0 0 0 0 0 0 0 0 0]
 [0 0 0 0 0 0 0 0 0 0]
 [0 0 0 0 0 0 0 0 0 0]
 [0 1 1 0 0 0 0 0 0 0]
 [1 0 1 0 0 0 0 0 0 0]
 [1 0 0 0 0 0 0 0 0 0]
 [1 0 1 0 0 0 0 0 0 0]
 [0 1 1 0 0 0 0 0 1 1]
 [0 0 0 0 0 0 0 0 1 1]]
size: 1
time: 0.17802762985229492

[[0 0 0 0 0 0 0 0 0 0]
 [0 0 0 0 0 0 0 0 0 0]
 [0 0 0 0 0 0 0 0 0 0]
 [0 0 0 0 0 0 0 0 0 0]
 [0 1 1 0 0 0 0 0 0 0]
 [1 0 1 0 0 0 0 0 0 0]
 [1 0 0 0 0 0 0 0 0 0]
 [1 0 1 0 0 0 0 0 0 0]
 [0 1 1 0 0 0 0 0 1 1]
 [0 0 0 0 0 0 0 0 1 1]]
size: 1
time: 0.1740889549255371

[[0 0 0 0 0 0 0 0 0 0]
 [0 0 0 0 0 0 0 0 0 0]
 [0 0 0 0 0 0 0 0 0 0]
 [0 0 0 0 0 0 0 0 0 0]
 [0 1 1 0 0 0 0 0 0 0]
 [1 0 1 0 0 0 0 0 0 0]
 [1 0 0 0 0 0 0 0 0 0]
 [1 0 1 0 0 0 0 0 0 0]
 [0 1 1 0 0 0 0 0 1 1]
 [0 0 0 0 0 0 0 0 1 1]]
size: 1
time: 0.17656445503234863

[[0 0 0 0 0 0 0 0 0 0]
 [0 0 0 0 0 0 0 0 0 0]
 [0 0 0 0 0 0 0 0 0 0]
 [0 0 0 0 0 0 0 0 0 0]
 [0 1 1 0 0 0 0 0 0 0]
 [1 0 1 0 0 0 0 0 0 0]
 [1 0 0 0 0 0 0 0 0 0]
 [1 0 1 0 0 0 0 0 0 0]
 [0 1 1 0 0 0 0 0 1 1]
 [0 0 0 0 0 0 0 0 1 1]]
size: 1
time: 0.18503308296203613

[[0 0 0 0 0 0 0 0 0 0]
 [0 0 0 0 0 0 0 0 0 0]
 [0 0 0 0 0 0 0 0 0 0]
 [0 0 0 0 0 0 0 0 0 0]
 [0 1 1 0 0 0 0 0 0 0]
 [1 0 1 0 0 0 0 0 0 0]
 [1 0 0 0 0 0 0 0 0 0]
 [1 0 1 0 0 0 0 0 0 0]
 [0 1 1 0 0 0 0 0 1 1]
 [0 0 0 0 0 0 0 0 1 1]]
size: 1
time: 0.18266749382019043

[[0 0 0 0 0 0 0 0 0 0]
 [0 0 0 0 0 0 0 0 0 0]
 [0 0 0 0 0 0 0 0 0 0]
 [0 0 0 0 0 0 0 0 0 0]
 [0 1 1 0 0 0 0 0 0 0]
 [1 0 1 0 0 0 0 0 0 0]
 [1 0 0 0 0 0 0 0 0 0]
 [1 0 1 0 0 0 0 0 0 0]
 [0 1 1 0 0 0 0 0 1 1]
 [0 0 0 0 0 0 0 0 1 1]]
size: 1
time: 0.19031119346618652

[[0 0 0 0 0 0 0 0 0 0]
 [0 0 0 0 0 0 0 0 0 0]
 [0 0 0 0 0 0 0 0 0 0]
 [0 0 0 0 0 0 0 0 0 0]
 [0 1 1 0 0 0 0 0 0 0]
 [1 0 1 0 0 0 0 0 0 0]
 [1 0 0 0 0 0 0 0 0 0]
 [1 0 1 0 0 0 0 0 0 0]
 [0 1 1 0 0 0 0 0 1 1]
 [0 0 0 0 0 0 0 0 1 1]]
size: 1
time: 0.19300293922424316

[[0 0 0 0 0 0 0 0 0 0]
 [0 0 0 0 0 0 0 0 0 0]
 [0 0 0 0 0 0 0 0 0 0]
 [0 0 0 0 0 0 0 0 0 0]
 [0 1 1 0 0 0 0 0 0 0]
 [1 0 1 0 0 0 0 0 0 0]
 [1 0 0 0 0 0 0 0 0 0]
 [1 0 1 0 0 0 0 0 0 0]
 [0 1 1 0 0 0 0 0 1 1]
 [0 0 0 0 0 0 0 0 1 1]]
size: 1
time: 0.20954418182373047

[[0 0 0 0 0 0 0 0 0 0]
 [0 0 0 0 0 0 0 0 0 0]
 [0 0 0 0 0 0 0 0 0 0]
 [0 0 0 0 0 0 0 0 0 0]
 [0 1 1 0 0 0 0 0 0 0]
 [1 0 1 0 0 0 0 0 0 0]
 [1 0 0 0 0 0 0 0 0 0]
 [1 0 1 0 0 0 0 0 0 0]
 [0 1 1 0 0 0 0 0 1 1]
 [0 0 0 0 0 0 0 0 1 1]]
size: 1
time: 0.19484972953796387

[[0 0 0 0 0 0 0 0 0 0]
 [0 0 0 0 0 0 0 0 0 0]
 [0 0 0 0 0 0 0 0 0 0]
 [0 0 0 0 0 0 0 0 0 0]
 [0 1 1 0 0 0 0 0 0 0]
 [1 0 1 0 0 0 0 0 0 0]
 [1 0 0 0 0 0 0 0 0 0]
 [1 0 1 0 0 0 0 0 0 0]
 [0 1 1 0 0 0 0 0 1 1]
 [0 0 0 0 0 0 0 0 1 1]]
size: 1
time: 0.19669651985168457

[[0 0 0 0 0 0 0 0 0 0]
 [0 0 0 0 0 0 0 0 0 0]
 [0 0 0 0 0 0 0 0 0 0]
 [0 0 0 0 0 0 0 0 0 0]
 [0 1 1 0 0 0 0 0 0 0]
 [1 0 1 0 0 0 0 0 0 0]
 [1 0 0 0 0 0 0 0 0 0]
 [1 0 1 0 0 0 0 0 0 0]
 [0 1 1 0 0 0 0 0 1 1]
 [0 0 0 0 0 0 0 0 1 1]]
size: 1
time: 0.19875764846801758

[[0 0 0 0 0 0 0 0 0 0]
 [0 0 0 0 0 0 0 0 0 0]
 [0 0 0 0 0 0 0 0 0 0]
 [0 0 0 0 0 0 0 0 0 0]
 [0 1 1 0 0 0 0 0 0 0]
 [1 0 1 0 0 0 0 0 0 0]
 [1 0 0 0 0 0 0 0 0 0]
 [1 0 1 0 0 0 0 0 0 0]
 [0 1 1 0 0 0 0 0 1 1]
 [0 0 0 0 0 0 0 0 1 1]]
size: 1
time: 0.20524239540100098

[[0 0 0 0 0 0 0 0 0 0]
 [0 0 0 0 0 0 0 0 0 0]
 [0 0 0 0 0 0 0 0 0 0]
 [0 0 0 0 0 0 0 0 0 0]
 [0 1 1 0 0 0 0 0 0 0]
 [1 0 1 0 0 0 0 0 0 0]
 [1 0 0 0 0 0 0 0 0 0]
 [1 0 1 0 0 0 0 0 0 0]
 [0 1 1 0 0 0 0 0 1 1]
 [0 0 0 0 0 0 0 0 1 1]]
size: 1
time: 0.20619916915893555

[[0 0 0 0 0 0 0 0 0 0]
 [0 0 0 0 0 0 0 0 0 0]
 [0 0 0 0 0 0 0 0 0 0]
 [0 0 0 0 0 0 0 0 0 0]
 [0 1 1 0 0 0 0 0 0 0]
 [1 0 1 0 0 0 0 0 0 0]
 [1 0 0 0 0 0 0 0 0 0]
 [1 0 1 0 0 0 0 0 0 0]
 [0 1 1 0 0 0 0 0 1 1]
 [0 0 0 0 0 0 0 0 1 1]]
size: 1
time: 0.2088468074798584

[[0 0 0 0 0 0 0 0 0 0]
 [0 0 0 0 0 0 0 0 0 0]
 [0 0 0 0 0 0 0 0 0 0]
 [0 0 0 0 0 0 0 0 0 0]
 [0 1 1 0 0 0 0 0 0 0]
 [1 0 1 0 0 0 0 0 0 0]
 [1 0 0 0 0 0 0 0 0 0]
 [1 0 1 0 0 0 0 0 0 0]
 [0 1 1 0 0 0 0 0 1 1]
 [0 0 0 0 0 0 0 0 1 1]]
size: 1
time: 0.21252846717834473

[[0 0 0 0 0 0 0 0 0 0]
 [0 0 0 0 0 0 0 0 0 0]
 [0 0 0 0 0 0 0 0 0 0]
 [0 0 0 0 0 0 0 0 0 0]
 [0 1 1 0 0 0 0 0 0 0]
 [1 0 1 0 0 0 0 0 0 0]
 [1 0 0 0 0 0 0 0 0 0]
 [1 0 1 0 0 0 0 0 0 0]
 [0 1 1 0 0 0 0 0 1 1]
 [0 0 0 0 0 0 0 0 1 1]]
size: 1
time: 0.2182023525238037

[[0 0 0 0 0 0 0 0 0 0]
 [0 0 0 0 0 0 0 0 0 0]
 [0 0 0 0 0 0 0 0 0 0]
 [0 0 0 0 0 0 0 0 0 0]
 [0 1 1 0 0 0 0 0 0 0]
 [1 0 1 0 0 0 0 0 0 0]
 [1 0 0 0 0 0 0 0 0 0]
 [1 0 1 0 0 0 0 0 0 0]
 [0 1 1 0 0 0 0 0 1 1]
 [0 0 0 0 0 0 0 0 1 1]]
size: 1
time: 0.2240447998046875

[[0 0 0 0 0 0 0 0 0 0]
 [0 0 0 0 0 0 0 0 0 0]
 [0 0 0 0 0 0 0 0 0 0]
 [0 0 0 0 0 0 0 0 0 0]
 [0 1 1 0 0 0 0 0 0 0]
 [1 0 1 0 0 0 0 0 0 0]
 [1 0 0 0 0 0 0 0 0 0]
 [1 0 1 0 0 0 0 0 0 0]
 [0 1 1 0 0 0 0 0 1 1]
 [0 0 0 0 0 0 0 0 1 1]]
size: 1
time: 0.23460817337036133

[[0 0 0 0 0 0 0 0 0 0]
 [0 0 0 0 0 0 0 0 0 0]
 [0 0 0 0 0 0 0 0 0 0]
 [0 0 0 0 0 0 0 0 0 0]
 [0 1 1 0 0 0 0 0 0 0]
 [1 0 1 0 0 0 0 0 0 0]
 [1 0 0 0 0 0 0 0 0 0]
 [1 0 1 0 0 0 0 0 0 0]
 [0 1 1 0 0 0 0 0 1 1]
 [0 0 0 0 0 0 0 0 1 1]]
size: 1
time: 0.22193384170532227

[[0 0 0 0 0 0 0 0 0 0]
 [0 0 0 0 0 0 0 0 0 0]
 [0 0 0 0 0 0 0 0 0 0]
 [0 0 0 0 0 0 0 0 0 0]
 [0 1 1 0 0 0 0 0 0 0]
 [1 0 1 0 0 0 0 0 0 0]
 [1 0 0 0 0 0 0 0 0 0]
 [1 0 1 0 0 0 0 0 0 0]
 [0 1 1 0 0 0 0 0 1 1]
 [0 0 0 0 0 0 0 0 1 1]]
size: 1
time: 0.23157811164855957

[[0 0 0 0 0 0 0 0 0 0]
 [0 0 0 0 0 0 0 0 0 0]
 [0 0 0 0 0 0 0 0 0 0]
 [0 0 0 0 0 0 0 0 0 0]
 [0 1 1 0 0 0 0 0 0 0]
 [1 0 1 0 0 0 0 0 0 0]
 [1 0 0 0 0 0 0 0 0 0]
 [1 0 1 0 0 0 0 0 0 0]
 [0 1 1 0 0 0 0 0 1 1]
 [0 0 0 0 0 0 0 0 1 1]]
size: 1
time: 0.23384642601013184

[[0 0 0 0 0 0 0 0 0 0]
 [0 0 0 0 0 0 0 0 0 0]
 [0 0 0 0 0 0 0 0 0 0]
 [0 0 0 0 0 0 0 0 0 0]
 [0 1 1 0 0 0 0 0 0 0]
 [1 0 1 0 0 0 0 0 0 0]
 [1 0 0 0 0 0 0 0 0 0]
 [1 0 1 0 0 0 0 0 0 0]
 [0 1 1 0 0 0 0 0 1 1]
 [0 0 0 0 0 0 0 0 1 1]]
size: 1
time: 0.2303466796875

[[0 0 0 0 0 0 0 0 0 0]
 [0 0 0 0 0 0 0 0 0 0]
 [0 0 0 0 0 0 0 0 0 0]
 [0 0 0 0 0 0 0 0 0 0]
 [0 1 1 0 0 0 0 0 0 0]
 [1 0 1 0 0 0 0 0 0 0]
 [1 0 0 0 0 0 0 0 0 0]
 [1 0 1 0 0 0 0 0 0 0]
 [0 1 1 0 0 0 0 0 1 1]
 [0 0 0 0 0 0 0 0 1 1]]
size: 1
time: 0.24312472343444824

[[0 0 0 0 0 0 0 0 0 0]
 [0 0 0 0 0 0 0 0 0 0]
 [0 0 0 0 0 0 0 0 0 0]
 [0 0 0 0 0 0 0 0 0 0]
 [0 1 1 0 0 0 0 0 0 0]
 [1 0 1 0 0 0 0 0 0 0]
 [1 0 0 0 0 0 0 0 0 0]
 [1 0 1 0 0 0 0 0 0 0]
 [0 1 1 0 0 0 0 0 1 1]
 [0 0 0 0 0 0 0 0 1 1]]
size: 1
time: 0.23464322090148926

[[0 0 0 0 0 0 0 0 0 0]
 [0 0 0 0 0 0 0 0 0 0]
 [0 0 0 0 0 0 0 0 0 0]
 [0 0 0 0 0 0 0 0 0 0]
 [0 1 1 0 0 0 0 0 0 0]
 [1 0 1 0 0 0 0 0 0 0]
 [1 0 0 0 0 0 0 0 0 0]
 [1 0 1 0 0 0 0 0 0 0]
 [0 1 1 0 0 0 0 0 1 1]
 [0 0 0 0 0 0 0 0 1 1]]
size: 1
time: 0.23845624923706055

[[0 0 0 0 0 0 0 0 0 0]
 [0 0 0 0 0 0 0 0 0 0]
 [0 0 0 0 0 0 0 0 0 0]
 [0 0 0 0 0 0 0 0 0 0]
 [0 1 1 0 0 0 0 0 0 0]
 [1 0 1 0 0 0 0 0 0 0]
 [1 0 0 0 0 0 0 0 0 0]
 [1 0 1 0 0 0 0 0 0 0]
 [0 1 1 0 0 0 0 0 1 1]
 [0 0 0 0 0 0 0 0 1 1]]
size: 1
time: 0.24422526359558105

[[0 0 0 0 0 0 0 0 0 0]
 [0 0 0 0 0 0 0 0 0 0]
 [0 0 0 0 0 0 0 0 0 0]
 [0 0 0 0 0 0 0 0 0 0]
 [0 1 1 0 0 0 0 0 0 0]
 [1 0 1 0 0 0 0 0 0 0]
 [1 0 0 0 0 0 0 0 0 0]
 [1 0 1 0 0 0 0 0 0 0]
 [0 1 1 0 0 0 0 0 1 1]
 [0 0 0 0 0 0 0 0 1 1]]
size: 1
time: 0.24294662475585938

[[0 0 0 0 0 0 0 0 0 0]
 [0 0 0 0 0 0 0 0 0 0]
 [0 0 0 0 0 0 0 0 0 0]
 [0 0 0 0 0 0 0 0 0 0]
 [0 1 1 0 0 0 0 0 0 0]
 [1 0 1 0 0 0 0 0 0 0]
 [1 0 0 0 0 0 0 0 0 0]
 [1 0 1 0 0 0 0 0 0 0]
 [0 1 1 0 0 0 0 0 1 1]
 [0 0 0 0 0 0 0 0 1 1]]
size: 1
time: 0.24737071990966797

[[0 0 0 0 0 0 0 0 0 0]
 [0 0 0 0 0 0 0 0 0 0]
 [0 0 0 0 0 0 0 0 0 0]
 [0 0 0 0 0 0 0 0 0 0]
 [0 1 1 0 0 0 0 0 0 0]
 [1 0 1 0 0 0 0 0 0 0]
 [1 0 0 0 0 0 0 0 0 0]
 [1 0 1 0 0 0 0 0 0 0]
 [0 1 1 0 0 0 0 0 1 1]
 [0 0 0 0 0 0 0 0 1 1]]
size: 1
time: 0.25531673431396484

[[0 0 0 0 0 0 0 0 0 0]
 [0 0 0 0 0 0 0 0 0 0]
 [0 0 0 0 0 0 0 0 0 0]
 [0 0 0 0 0 0 0 0 0 0]
 [0 1 1 0 0 0 0 0 0 0]
 [1 0 1 0 0 0 0 0 0 0]
 [1 0 0 0 0 0 0 0 0 0]
 [1 0 1 0 0 0 0 0 0 0]
 [0 1 1 0 0 0 0 0 1 1]
 [0 0 0 0 0 0 0 0 1 1]]
size: 1
time: 0.2545614242553711

[[0 0 0 0 0 0 0 0 0 0]
 [0 0 0 0 0 0 0 0 0 0]
 [0 0 0 0 0 0 0 0 0 0]
 [0 0 0 0 0 0 0 0 0 0]
 [0 1 1 0 0 0 0 0 0 0]
 [1 0 1 0 0 0 0 0 0 0]
 [1 0 0 0 0 0 0 0 0 0]
 [1 0 1 0 0 0 0 0 0 0]
 [0 1 1 0 0 0 0 0 1 1]
 [0 0 0 0 0 0 0 0 1 1]]
size: 1
time: 0.26350855827331543

[[0 0 0 0 0 0 0 0 0 0]
 [0 0 0 0 0 0 0 0 0 0]
 [0 0 0 0 0 0 0 0 0 0]
 [0 0 0 0 0 0 0 0 0 0]
 [0 1 1 0 0 0 0 0 0 0]
 [1 0 1 0 0 0 0 0 0 0]
 [1 0 0 0 0 0 0 0 0 0]
 [1 0 1 0 0 0 0 0 0 0]
 [0 1 1 0 0 0 0 0 1 1]
 [0 0 0 0 0 0 0 0 1 1]]
size: 1
time: 0.260221004486084

[[0 0 0 0 0 0 0 0 0 0]
 [0 0 0 0 0 0 0 0 0 0]
 [0 0 0 0 0 0 0 0 0 0]
 [0 0 0 0 0 0 0 0 0 0]
 [0 1 1 0 0 0 0 0 0 0]
 [1 0 1 0 0 0 0 0 0 0]
 [1 0 0 0 0 0 0 0 0 0]
 [1 0 1 0 0 0 0 0 0 0]
 [0 1 1 0 0 0 0 0 1 1]
 [0 0 0 0 0 0 0 0 1 1]]
size: 1
time: 0.2661323547363281

[[0 0 0 0 0 0 0 0 0 0]
 [0 0 0 0 0 0 0 0 0 0]
 [0 0 0 0 0 0 0 0 0 0]
 [0 0 0 0 0 0 0 0 0 0]
 [0 1 1 0 0 0 0 0 0 0]
 [1 0 1 0 0 0 0 0 0 0]
 [1 0 0 0 0 0 0 0 0 0]
 [1 0 1 0 0 0 0 0 0 0]
 [0 1 1 0 0 0 0 0 1 1]
 [0 0 0 0 0 0 0 0 1 1]]
size: 1
time: 0.2708108425140381

[[0 0 0 0 0 0 0 0 0 0]
 [0 0 0 0 0 0 0 0 0 0]
 [0 0 0 0 0 0 0 0 0 0]
 [0 0 0 0 0 0 0 0 0 0]
 [0 1 1 0 0 0 0 0 0 0]
 [1 0 1 0 0 0 0 0 0 0]
 [1 0 0 0 0 0 0 0 0 0]
 [1 0 1 0 0 0 0 0 0 0]
 [0 1 1 0 0 0 0 0 1 1]
 [0 0 0 0 0 0 0 0 1 1]]
size: 1
time: 0.2681419849395752

[[0 0 0 0 0 0 0 0 0 0]
 [0 0 0 0 0 0 0 0 0 0]
 [0 0 0 0 0 0 0 0 0 0]
 [0 0 0 0 0 0 0 0 0 0]
 [0 1 1 0 0 0 0 0 0 0]
 [1 0 1 0 0 0 0 0 0 0]
 [1 0 0 0 0 0 0 0 0 0]
 [1 0 1 0 0 0 0 0 0 0]
 [0 1 1 0 0 0 0 0 1 1]
 [0 0 0 0 0 0 0 0 1 1]]
size: 1
time: 0.27151989936828613

[[0 0 0 0 0 0 0 0 0 0]
 [0 0 0 0 0 0 0 0 0 0]
 [0 0 0 0 0 0 0 0 0 0]
 [0 0 0 0 0 0 0 0 0 0]
 [0 1 1 0 0 0 0 0 0 0]
 [1 0 1 0 0 0 0 0 0 0]
 [1 0 0 0 0 0 0 0 0 0]
 [1 0 1 0 0 0 0 0 0 0]
 [0 1 1 0 0 0 0 0 1 1]
 [0 0 0 0 0 0 0 0 1 1]]
size: 1
time: 0.28404951095581055

[[0 0 0 0 0 0 0 0 0 0]
 [0 0 0 0 0 0 0 0 0 0]
 [0 0 0 0 0 0 0 0 0 0]
 [0 0 0 0 0 0 0 0 0 0]
 [0 1 1 0 0 0 0 0 0 0]
 [1 0 1 0 0 0 0 0 0 0]
 [1 0 0 0 0 0 0 0 0 0]
 [1 0 1 0 0 0 0 0 0 0]
 [0 1 1 0 0 0 0 0 1 1]
 [0 0 0 0 0 0 0 0 1 1]]
size: 1
time: 0.2787630558013916

[[0 0 0 0 0 0 0 0 0 0]
 [0 0 0 0 0 0 0 0 0 0]
 [0 0 0 0 0 0 0 0 0 0]
 [0 0 0 0 0 0 0 0 0 0]
 [0 1 1 0 0 0 0 0 0 0]
 [1 0 1 0 0 0 0 0 0 0]
 [1 0 0 0 0 0 0 0 0 0]
 [1 0 1 0 0 0 0 0 0 0]
 [0 1 1 0 0 0 0 0 1 1]
 [0 0 0 0 0 0 0 0 1 1]]
size: 1
time: 0.29148054122924805

[[0 0 0 0 0 0 0 0 0 0]
 [0 0 0 0 0 0 0 0 0 0]
 [0 0 0 0 0 0 0 0 0 0]
 [0 0 0 0 0 0 0 0 0 0]
 [0 1 1 0 0 0 0 0 0 0]
 [1 0 1 0 0 0 0 0 0 0]
 [1 0 0 0 0 0 0 0 0 0]
 [1 0 1 0 0 0 0 0 0 0]
 [0 1 1 0 0 0 0 0 1 1]
 [0 0 0 0 0 0 0 0 1 1]]
size: 1
time: 0.290205717086792

[[0 0 0 0 0 0 0 0 0 0]
 [0 0 0 0 0 0 0 0 0 0]
 [0 0 0 0 0 0 0 0 0 0]
 [0 0 0 0 0 0 0 0 0 0]
 [0 1 1 0 0 0 0 0 0 0]
 [1 0 1 0 0 0 0 0 0 0]
 [1 0 0 0 0 0 0 0 0 0]
 [1 0 1 0 0 0 0 0 0 0]
 [0 1 1 0 0 0 0 0 1 1]
 [0 0 0 0 0 0 0 0 1 1]]
size: 1
time: 0.2925407886505127

