[[1 1 0 0 0 0 0 0 1 1]
 [1 1 1 0 0 0 0 0 1 1]
 [0 0 1 0 0 0 0 0 0 1]
 [0 0 0 0 0 0 0 0 0 1]
 [0 0 0 0 0 0 0 0 0 0]
 [0 0 1 1 0 0 0 0 1 1]
 [0 1 1 0 0 0 0 0 0 0]
 [0 0 0 0 1 0 0 0 0 0]
 [1 0 0 1 0 0 0 0 0 1]
 [1 0 0 0 0 0 0 0 1 1]]
size: 4
time: 1.5974044799804688e-05

[[1 0 1 0 0 0 0 0 1 1]
 [1 0 1 0 0 0 0 0 0 0]
 [0 0 1 1 0 0 0 0 0 1]
 [0 0 0 0 0 0 0 0 0 0]
 [0 0 0 1 0 0 0 0 0 0]
 [0 1 1 1 0 0 0 0 0 0]
 [0 1 1 0 0 0 0 0 0 0]
 [0 1 1 1 0 0 0 0 0 0]
 [0 0 0 0 0 0 0 0 1 1]
 [0 0 0 0 0 0 0 0 1 1]]
size: 4
time: 0.07976603507995605

[[0 0 0 0 0 0 0 0 0 0]
 [0 0 1 0 0 0 0 0 1 1]
 [0 0 1 1 0 0 0 0 1 1]
 [0 0 0 0 0 0 0 0 0 0]
 [0 0 0 1 1 0 0 0 0 0]
 [0 1 1 1 0 0 0 0 0 0]
 [0 0 0 0 0 0 0 0 0 0]
 [0 1 1 1 0 0 0 0 0 0]
 [0 0 0 0 0 0 0 0 1 1]
 [0 0 0 0 0 0 0 0 1 1]]
size: 4
time: 0.044011831283569336

[[0 0 0 0 0 0 0 0 0 0]
 [0 0 1 1 0 0 0 0 1 1]
 [0 1 0 1 0 0 0 0 0 0]
 [0 0 1 1 0 0 0 0 0 0]
 [0 0 0 0 1 0 0 0 0 0]
 [0 1 0 1 0 0 0 0 0 0]
 [0 0 0 0 0 0 0 0 0 0]
 [0 1 0 1 0 0 0 0 0 0]
 [0 0 1 0 0 0 0 0 1 1]
 [0 0 0 0 0 0 0 0 1 1]]
size: 4
time: 0.055272579193115234

[[0 0 0 0 0 0 0 0 0 0]
 [0 0 1 1 0 0 0 0 0 0]
 [0 1 0 0 1 0 0 0 0 0]
 [0 0 1 0 1 0 0 0 0 0]
 [0 1 0 0 1 0 0 0 0 0]
 [0 0 1 1 1 0 0 0 0 0]
 [0 1 0 1 0 0 0 0 0 0]
 [0 0 0 0 0 0 0 0 0 0]
 [0 0 1 0 0 0 0 0 1 1]
 [0 0 0 0 0 0 0 0 1 1]]
size: 4
time: 0.06478738784790039

[[0 0 0 0 0 0 0 0 0 0]
 [0 0 0 1 0 0 0 0 0 0]
 [0 1 0 0 1 0 0 0 0 0]
 [0 0 0 0 0 0 0 0 0 0]
 [0 1 0 0 1 0 0 0 0 0]
 [0 1 0 1 0 0 0 0 0 0]
 [1 0 0 0 0 0 0 0 0 0]
 [0 1 0 1 0 0 0 0 0 0]
 [0 0 1 0 0 0 0 0 1 1]
 [0 0 0 0 0 0 0 0 1 1]]
size: 4
time: 0.048065900802612305

[[0 0 0 0 0 0 0 0 0 0]
 [0 0 1 1 0 0 0 0 0 0]
 [0 1 0 0 1 1 0 0 0 0]
 [0 1 1 0 1 1 0 0 0 0]
 [1 1 0 1 1 0 0 0 0 0]
 [1 1 0 0 0 0 0 0 0 0]
 [1 1 1 0 0 0 0 0 0 0]
 [0 1 1 0 0 0 0 0 0 0]
 [0 0 1 0 0 0 0 0 1 1]
 [0 0 0 0 0 0 0 0 1 1]]
size: 4
time: 0.040987491607666016

[[0 0 0 0 0 0 0 0 0 0]
 [0 0 1 0 0 0 0 0 0 0]
 [0 1 0 0 0 1 0 0 0 0]
 [0 1 1 0 1 1 0 0 0 0]
 [0 0 1 1 0 0 0 0 0 0]
 [0 1 0 1 0 0 0 0 0 0]
 [0 1 1 0 0 0 0 0 0 0]
 [0 0 0 0 0 0 0 0 0 0]
 [0 0 0 0 0 0 0 0 1 1]
 [0 0 0 0 0 0 0 0 1 1]]
size: 4
time: 0.06595468521118164

[[0 0 0 0 0 0 0 0 0 0]
 [0 0 0 0 0 0 0 0 0 0]
 [1 1 0 1 0 1 0 0 0 0]
 [0 1 1 1 1 1 0 0 0 0]
 [0 1 0 1 0 0 0 0 0 0]
 [0 0 1 1 0 0 0 0 0 0]
 [0 1 1 0 0 0 0 0 0 0]
 [0 0 0 0 0 0 0 0 0 0]
 [0 0 0 0 0 0 0 0 1 1]
 [0 0 0 0 0 0 0 0 1 1]]
size: 4
time: 0.1247408390045166

[[0 0 0 0 0 0 0 0 0 0]
 [0 0 0 0 0 0 0 0 0 0]
 [0 0 0 1 0 1 0 0 0 0]
 [0 0 1 0 0 1 0 0 0 0]
 [0 0 0 0 0 0 0 0 0 0]
 [0 1 0 1 0 0 0 0 0 0]
 [0 0 1 1 0 0 0 0 0 0]
 [0 0 0 0 0 0 0 0 0 0]
 [0 0 0 0 0 0 0 0 1 1]
 [0 0 0 0 0 0 0 0 1 1]]
size: 4
time: 0.08528447151184082

[[0 0 0 0 0 0 0 0 0 0]
 [0 0 0 0 0 0 0 0 0 0]
 [1 0 1 1 1 0 0 0 0 0]
 [1 0 0 0 1 0 0 0 0 0]
 [0 1 0 1 0 0 0 0 0 0]
 [0 0 0 1 0 0 0 0 0 0]
 [0 0 0 0 0 0 0 0 0 0]
 [0 0 0 0 0 0 0 0 0 0]
 [0 0 0 0 0 0 0 0 1 1]
 [0 0 0 0 0 0 0 0 1 1]]
size: 4
time: 0.08188033103942871

[[0 0 0 0 0 0 0 0 0 0]
 [0 0 1 0 0 0 0 0 0 0]
 [0 1 0 1 0 0 0 0 0 0]
 [0 0 0 0 1 1 0 0 0 0]
 [0 0 0 0 0 0 0 0 0 0]
 [0 0 0 1 0 0 0 0 0 0]
 [0 1 0 1 0 0 0 0 0 0]
 [0 0 0 0 0 0 0 0 0 0]
 [0 0 0 0 0 0 0 0 1 1]
 [0 0 0 0 0 0 0 0 1 1]]
size: 4
time: 0.08254337310791016

[[0 0 0 0 0 0 0 0 0 0]
 [0 0 0 0 0 0 0 0 0 0]
 [0 0 0 0 1 1 0 0 0 0]
 [0 1 0 0 0 1 0 0 0 0]
 [0 0 0 1 0 0 0 0 0 0]
 [0 1 1 0 1 0 0 0 0 0]
 [0 0 1 1 0 0 0 0 0 0]
 [0 0 0 0 0 0 0 0 0 0]
 [0 0 0 0 0 0 0 0 1 1]
 [0 0 0 0 0 0 0 0 1 1]]
size: 4
time: 0.07232975959777832

[[0 0 0 0 0 0 0 0 0 0]
 [0 0 1 1 0 0 0 0 0 0]
 [0 0 0 0 0 0 0 0 0 0]
 [0 0 0 1 1 0 0 0 0 0]
 [0 0 0 0 0 0 0 0 0 0]
 [0 0 1 0 0 0 0 0 0 0]
 [0 0 1 1 0 0 0 0 0 0]
 [0 0 1 0 0 0 0 0 0 0]
 [0 0 0 0 0 0 0 0 1 1]
 [0 0 0 0 0 0 0 0 1 1]]
size: 4
time: 0.08538269996643066

[[0 0 0 0 0 0 0 0 0 0]
 [0 0 0 0 0 0 0 0 0 0]
 [0 0 0 0 0 0 0 0 0 0]
 [0 0 0 0 0 0 0 0 0 0]
 [0 1 0 0 0 0 0 0 0 0]
 [0 1 0 1 0 0 0 0 0 0]
 [1 0 0 1 0 0 0 0 0 0]
 [0 1 1 0 0 0 0 0 0 0]
 [0 0 0 0 0 0 0 0 1 1]
 [0 0 0 0 0 0 0 0 1 1]]
size: 4
time: 0.10356378555297852

[[0 0 0 0 0 0 0 0 0 0]
 [0 0 0 0 0 0 0 0 0 0]
 [0 0 0 0 0 0 0 0 0 0]
 [0 0 1 0 0 0 0 0 0 0]
 [1 1 0 0 0 0 0 0 0 0]
 [0 0 0 0 0 0 0 0 0 0]
 [0 0 0 1 0 0 0 0 0 0]
 [0 1 1 0 0 0 0 0 0 0]
 [0 0 0 0 0 0 0 0 1 1]
 [0 0 0 0 0 0 0 0 1 1]]
size: 4
time: 0.0938103199005127

[[0 0 0 0 0 0 0 0 0 0]
 [0 0 0 0 0 0 0 0 0 0]
 [0 0 0 1 1 0 1 0 0 0]
 [0 0 0 0 0 0 0 0 0 0]
 [0 1 1 1 0 0 0 0 0 0]
 [0 0 1 0 0 0 0 0 0 0]
 [0 1 0 1 0 0 0 0 0 0]
 [0 1 1 1 0 0 0 0 0 0]
 [0 0 0 0 0 0 0 0 1 1]
 [0 0 0 0 0 0 0 0 1 1]]
size: 4
time: 0.07626223564147949

[[0 0 0 0 0 0 0 0 0 0]
 [0 0 0 0 0 0 0 0 0 0]
 [1 0 1 0 0 0 0 0 0 0]
 [1 0 0 0 0 0 0 0 0 0]
 [1 0 1 0 1 0 0 0 0 0]
 [1 0 0 1 0 0 0 0 0 0]
 [1 0 0 0 1 0 0 0 0 0]
 [1 0 0 0 0 0 0 0 0 0]
 [0 1 1 0 0 0 0 0 1 1]
 [0 0 0 0 0 0 0 0 1 1]]
size: 4
time: 0.12376141548156738

[[0 0 0 1 0 0 0 0 0 0]
 [0 0 1 0 1 0 0 0 0 0]
 [0 0 0 1 1 0 0 0 0 0]
 [0 0 0 1 1 0 0 0 0 0]
 [0 0 0 0 0 0 0 0 0 0]
 [0 0 0 0 0 0 0 0 0 0]
 [0 0 0 0 0 0 0 0 0 0]
 [0 0 0 0 0 0 0 0 0 0]
 [0 0 0 0 0 0 0 0 1 1]
 [0 0 0 0 0 0 0 0 1 1]]
size: 4
time: 0.1361374855041504

[[0 0 0 0 0 0 0 0 0 0]
 [0 0 0 0 0 0 0 0 0 0]
 [0 0 0 1 1 0 0 0 0 0]
 [0 0 0 1 0 0 0 0 0 0]
 [0 0 1 1 0 0 0 0 0 0]
 [0 1 0 0 1 0 0 0 0 0]
 [0 0 1 1 0 0 0 0 0 0]
 [0 0 0 0 0 0 0 0 0 0]
 [0 0 0 0 0 0 0 0 1 1]
 [0 0 0 0 0 0 0 0 1 1]]
size: 4
time: 0.17236709594726562

[[0 0 0 0 0 0 0 0 0 0]
 [0 0 0 0 0 0 0 0 0 0]
 [0 1 0 0 1 0 0 0 0 0]
 [0 1 0 0 1 0 0 0 0 0]
 [0 0 1 1 0 0 0 0 0 0]
 [0 0 1 1 0 0 0 0 0 0]
 [0 0 0 0 0 0 0 0 0 0]
 [0 0 0 0 0 0 0 0 0 0]
 [0 0 0 0 0 0 0 0 1 1]
 [0 0 0 0 0 0 0 0 1 1]]
size: 4
time: 0.12163758277893066

[[0 0 0 0 0 0 0 0 0 0]
 [0 0 0 0 0 0 0 0 0 0]
 [0 0 0 0 0 0 0 0 0 0]
 [0 1 1 0 0 0 0 0 0 0]
 [1 1 1 0 0 1 0 0 0 0]
 [1 0 0 0 0 0 0 0 0 0]
 [0 0 1 0 1 0 0 0 0 0]
 [1 0 0 0 1 0 0 0 0 0]
 [0 1 1 1 0 0 0 0 1 1]
 [0 0 1 0 0 0 0 0 1 1]]
size: 4
time: 0.10805940628051758

[[0 0 0 0 0 0 0 0 0 0]
 [0 0 0 0 0 0 0 0 0 0]
 [0 0 1 0 0 1 0 0 0 0]
 [0 0 1 1 0 1 0 0 0 0]
 [0 0 0 0 0 0 0 0 0 0]
 [0 0 1 0 1 1 0 0 0 0]
 [0 0 0 1 0 0 0 0 0 0]
 [0 0 0 1 0 0 0 0 0 0]
 [0 0 0 0 0 0 0 0 1 1]
 [0 0 0 0 0 0 0 0 1 1]]
size: 4
time: 0.10364913940429688

[[0 0 1 1 0 0 0 0 0 0]
 [0 0 1 1 0 0 0 0 0 0]
 [0 0 0 0 0 0 0 0 0 0]
 [0 0 0 0 0 0 0 0 0 0]
 [0 0 1 1 0 0 0 0 0 0]
 [0 0 0 0 1 0 0 0 0 0]
 [0 0 0 0 0 0 0 0 0 0]
 [0 1 0 0 0 0 0 0 0 0]
 [0 0 0 0 0 0 0 0 1 1]
 [0 0 0 0 0 0 0 0 1 1]]
size: 4
time: 0.11365365982055664

[[0 0 0 0 0 0 0 0 0 0]
 [0 0 0 0 0 0 0 0 0 0]
 [0 1 1 1 0 0 0 0 0 0]
 [0 1 1 1 1 0 0 0 0 0]
 [1 1 0 0 1 1 0 0 0 0]
 [1 1 0 0 1 1 0 0 0 0]
 [1 1 0 0 0 0 0 0 0 0]
 [1 0 1 1 1 0 0 0 0 0]
 [1 0 0 0 1 0 0 0 1 1]
 [0 1 0 1 0 0 0 0 1 1]]
size: 4
time: 0.1652390956878662

[[0 0 0 0 0 0 0 0 0 0]
 [0 0 0 0 0 0 0 0 0 0]
 [1 1 0 0 0 1 0 0 0 0]
 [1 0 0 1 0 0 0 0 0 0]
 [1 0 0 0 1 0 0 0 0 0]
 [0 0 0 0 0 0 0 0 0 0]
 [1 1 0 1 1 0 0 0 0 0]
 [1 1 0 1 1 0 0 0 0 0]
 [0 0 1 0 0 0 0 0 1 1]
 [0 0 0 0 0 0 0 0 1 1]]
size: 4
time: 0.11573314666748047

[[0 0 0 0 0 0 0 0 0 0]
 [0 0 0 0 0 0 0 0 0 0]
 [0 0 0 0 0 0 0 0 0 0]
 [0 0 0 0 0 0 0 0 0 0]
 [0 0 0 0 0 0 0 0 0 0]
 [0 0 0 0 0 0 0 0 0 0]
 [0 0 0 0 0 0 0 0 0 0]
 [0 0 0 0 0 0 0 0 0 0]
 [0 0 0 0 0 0 0 0 1 1]
 [0 0 0 0 0 0 0 0 1 1]]
size: 4
time: 0.1552717685699463

[[0 0 0 1 0 0 0 0 0 0]
 [0 0 1 0 1 0 0 0 0 0]
 [0 0 0 1 1 0 0 0 0 0]
 [0 0 0 1 1 0 0 0 0 0]
 [0 0 0 0 0 0 0 0 0 0]
 [0 0 0 0 0 0 0 0 0 0]
 [0 0 0 0 0 0 0 0 0 0]
 [0 0 0 0 0 0 0 0 0 0]
 [0 0 0 0 0 0 0 0 1 1]
 [0 0 0 0 0 0 0 0 1 1]]
size: 4
time: 0.191070556640625

[[0 0 0 0 0 0 0 0 0 0]
 [0 0 0 0 0 0 0 0 0 0]
 [0 0 0 0 0 0 0 0 0 0]
 [0 0 0 1 0 0 0 0 0 0]
 [0 0 0 0 0 0 0 0 0 0]
 [0 0 0 0 0 0 0 0 0 0]
 [0 0 0 0 0 0 0 0 0 0]
 [0 0 0 0 0 0 0 0 0 0]
 [0 0 0 0 0 0 0 0 1 1]
 [0 0 0 0 0 0 0 0 1 1]]
size: 4
time: 0.15351057052612305

[[0 1 0 0 0 0 0 0 0 0]
 [1 0 0 0 0 0 0 0 0 0]
 [0 0 0 0 0 0 1 0 0 0]
 [1 0 0 0 0 0 1 0 0 0]
 [0 1 0 1 1 0 0 0 0 0]
 [0 1 0 0 0 0 0 0 0 0]
 [0 1 1 0 0 0 0 0 0 0]
 [0 0 1 1 1 0 0 0 0 0]
 [0 0 1 1 0 0 0 0 1 1]
 [0 0 0 0 0 0 0 0 1 1]]
size: 4
time: 0.17328405380249023

[[0 0 0 0 0 0 0 0 0 0]
 [0 0 0 0 0 0 0 0 0 0]
 [0 0 0 0 0 0 0 0 0 0]
 [0 0 0 1 0 0 0 0 0 0]
 [0 0 1 1 0 0 0 0 0 0]
 [0 1 0 0 1 0 0 0 0 0]
 [0 0 1 1 0 0 0 0 0 0]
 [0 0 0 0 0 0 0 0 0 0]
 [0 0 0 0 0 0 0 0 1 1]
 [0 0 0 0 0 0 0 0 1 1]]
size: 4
time: 0.18368268013000488

[[0 0 0 0 0 0 0 0 0 0]
 [0 0 0 0 0 0 0 0 0 0]
 [0 0 0 0 0 0 0 0 0 0]
 [0 0 0 0 0 0 0 0 0 0]
 [0 0 0 0 0 0 0 0 0 0]
 [0 0 0 0 0 0 0 0 0 0]
 [0 0 0 0 0 0 0 0 0 0]
 [0 0 0 0 0 0 0 0 0 0]
 [0 0 0 0 0 0 0 0 1 1]
 [0 0 0 0 0 0 0 0 1 1]]
size: 4
time: 0.22108125686645508

[[0 0 0 0 0 0 0 0 0 0]
 [0 0 0 0 0 0 0 0 0 0]
 [0 0 0 0 0 0 0 0 0 0]
 [0 0 0 0 0 0 0 0 0 0]
 [0 0 0 0 0 0 0 0 0 0]
 [0 0 0 0 0 0 0 0 0 0]
 [0 0 0 0 0 0 0 0 0 0]
 [0 0 0 0 0 0 0 0 0 0]
 [0 0 0 0 0 0 0 0 1 1]
 [0 0 0 0 0 0 0 0 1 1]]
size: 4
time: 0.22031092643737793

[[0 0 0 0 0 0 0 0 0 0]
 [0 0 0 0 0 0 0 0 0 0]
 [0 0 0 0 0 0 0 0 0 0]
 [0 0 0 0 0 0 0 0 0 0]
 [0 0 0 0 0 0 0 0 0 0]
 [0 0 0 0 0 0 0 0 0 0]
 [0 0 0 0 0 0 0 0 0 0]
 [0 0 0 0 0 0 0 0 0 0]
 [0 0 0 0 0 0 0 0 1 1]
 [0 0 0 0 0 0 0 0 1 1]]
size: 4
time: 0.20013070106506348

[[0 0 0 0 0 0 0 0 0 0]
 [0 0 0 0 0 0 0 0 0 0]
 [0 0 1 1 0 0 0 0 0 0]
 [0 1 1 1 1 0 0 0 0 0]
 [0 0 1 1 0 0 0 0 0 0]
 [0 0 1 1 0 0 0 0 0 0]
 [0 0 0 0 0 0 0 0 0 0]
 [0 0 0 0 0 0 0 0 0 0]
 [0 0 0 0 0 0 0 0 1 1]
 [0 0 0 0 0 0 0 0 1 1]]
size: 4
time: 0.2614939212799072

[[0 0 0 0 0 0 0 0 0 0]
 [0 0 0 0 0 0 0 0 0 0]
 [0 0 0 0 0 0 0 0 0 0]
 [0 0 0 0 0 0 0 0 0 0]
 [0 0 0 0 0 0 0 0 0 0]
 [0 0 0 0 0 0 0 0 0 0]
 [0 0 0 0 0 0 0 0 0 0]
 [0 0 0 0 0 0 0 0 0 0]
 [0 0 0 0 0 0 0 0 1 1]
 [0 0 0 0 0 0 0 0 1 1]]
size: 4
time: 0.21843194961547852

[[0 0 0 0 0 0 0 0 0 0]
 [0 0 0 0 0 0 0 0 0 0]
 [1 0 0 1 0 0 0 0 0 0]
 [1 0 0 1 0 0 0 0 0 0]
 [0 1 1 0 0 0 0 0 0 0]
 [0 1 1 0 0 0 0 0 0 0]
 [0 0 0 0 0 0 0 0 0 0]
 [0 0 0 0 0 0 0 0 0 0]
 [0 0 0 0 0 0 0 0 1 1]
 [0 0 0 0 0 0 0 0 1 1]]
size: 4
time: 0.20580077171325684

[[0 0 0 1 1 0 0 0 0 0]
 [0 0 0 1 1 0 0 0 0 0]
 [0 0 0 0 0 0 0 0 0 0]
 [0 0 0 1 1 0 0 0 0 0]
 [0 0 0 0 1 1 0 0 0 0]
 [0 0 0 0 0 0 0 0 0 0]
 [0 0 0 0 0 0 0 0 0 0]
 [0 0 0 0 0 0 0 0 0 0]
 [0 0 0 0 0 1 0 0 1 1]
 [0 0 0 0 0 0 0 0 1 1]]
size: 4
time: 0.1883096694946289

[[0 0 0 0 1 0 0 0 0 0]
 [0 0 0 1 0 1 0 0 0 0]
 [0 0 0 1 1 0 0 0 0 0]
 [0 0 0 1 1 0 0 0 0 0]
 [0 0 0 0 0 0 0 0 0 0]
 [0 0 0 0 0 0 0 0 0 0]
 [0 0 0 0 0 0 0 0 0 0]
 [0 0 0 0 0 0 0 0 0 0]
 [0 0 0 0 0 0 0 0 1 1]
 [0 0 0 0 0 0 0 0 1 1]]
size: 4
time: 0.2389369010925293

[[0 0 0 0 0 0 0 0 0 0]
 [0 0 0 0 0 0 0 0 0 0]
 [1 0 1 0 0 0 0 0 0 0]
 [0 0 0 1 1 1 1 0 0 0]
 [1 1 1 1 1 1 0 0 0 0]
 [0 0 0 0 0 0 0 0 0 0]
 [1 0 0 1 0 1 1 0 0 0]
 [1 0 0 0 0 1 0 0 0 0]
 [1 1 0 1 1 0 0 0 1 1]
 [0 0 1 0 0 0 0 0 1 1]]
size: 4
time: 0.20470213890075684

[[0 0 0 0 0 0 0 0 0 0]
 [0 0 0 0 0 0 0 0 0 0]
 [0 0 0 0 0 0 0 0 0 0]
 [0 0 0 0 0 0 0 0 0 0]
 [0 0 0 0 0 0 0 0 0 0]
 [0 0 0 0 0 0 0 0 0 0]
 [0 0 0 0 0 0 0 0 0 0]
 [0 0 0 0 0 0 0 0 0 0]
 [0 0 0 0 0 0 0 0 1 1]
 [0 0 0 0 0 0 0 0 1 1]]
size: 4
time: 0.2450544834136963

[[0 0 0 0 0 0 0 0 0 0]
 [0 0 0 0 0 0 0 0 0 0]
 [1 0 1 1 0 1 0 0 0 0]
 [0 0 1 1 0 0 0 0 0 0]
 [0 0 1 1 0 0 0 0 0 0]
 [0 1 0 0 1 0 0 0 0 0]
 [0 0 1 1 0 0 0 0 0 0]
 [0 0 0 0 0 0 0 0 0 0]
 [0 0 0 0 0 0 0 0 1 1]
 [0 0 0 0 0 0 0 0 1 1]]
size: 4
time: 0.27498865127563477

[[0 0 0 0 0 0 0 0 0 0]
 [0 0 0 0 0 0 0 0 0 0]
 [0 0 0 0 0 0 0 0 0 0]
 [0 0 0 0 0 0 0 0 0 0]
 [0 0 1 1 0 0 0 0 0 0]
 [0 1 0 0 1 0 0 0 0 0]
 [0 0 1 1 0 0 0 0 0 0]
 [0 0 0 0 0 0 0 0 0 0]
 [0 0 0 0 0 0 0 0 1 1]
 [0 0 0 0 0 0 0 0 1 1]]
size: 4
time: 0.31271791458129883

[[0 0 0 0 0 0 0 0 0 0]
 [0 0 0 0 0 0 0 0 0 0]
 [0 0 0 0 0 0 0 0 0 0]
 [0 0 0 0 0 0 0 0 0 0]
 [0 0 0 0 0 0 0 0 0 0]
 [0 0 0 0 0 0 0 0 0 0]
 [0 0 0 0 0 0 0 0 0 0]
 [0 0 0 0 0 0 0 0 0 0]
 [0 0 0 0 0 0 0 0 1 1]
 [0 0 0 0 0 0 0 0 1 1]]
size: 4
time: 0.23546910285949707

[[0 0 0 0 0 0 0 0 0 0]
 [0 0 0 0 0 0 0 0 0 0]
 [0 0 0 1 1 0 0 0 0 0]
 [0 0 0 1 1 0 0 0 0 0]
 [1 1 0 0 0 0 0 0 0 0]
 [0 0 0 0 0 1 0 0 0 0]
 [1 1 1 1 0 1 0 0 0 0]
 [1 0 0 1 1 0 0 0 0 0]
 [0 0 0 0 1 0 1 0 0 0]
 [0 0 0 0 1 0 1 0 0 0]]
size: 4
time: 0.36336803436279297

[[0 0 0 0 0 0 0 0 0 0]
 [0 0 0 0 0 0 0 0 0 0]
 [0 0 0 0 0 0 0 0 0 0]
 [0 0 0 0 0 0 0 0 0 0]
 [0 0 0 0 0 0 0 0 0 0]
 [0 0 0 0 0 0 0 0 0 0]
 [0 0 0 0 0 0 0 0 0 0]
 [0 0 0 0 0 0 0 0 0 0]
 [0 0 0 0 0 0 0 0 1 1]
 [0 0 0 0 0 0 0 0 1 1]]
size: 4
time: 0.3171665668487549

[[0 0 0 0 0 0 0 0 0 0]
 [0 0 0 0 0 0 0 0 0 0]
 [0 0 0 0 0 0 0 0 0 0]
 [0 0 0 0 0 0 0 0 0 0]
 [0 0 1 0 0 0 0 0 0 0]
 [0 0 0 0 0 0 0 0 0 0]
 [0 1 0 1 0 0 0 0 0 0]
 [0 1 0 1 0 0 0 0 0 0]
 [1 0 0 0 1 0 0 0 1 1]
 [0 1 1 1 1 0 0 0 1 1]]
size: 4
time: 0.23981237411499023

[[0 0 0 0 0 0 0 0 0 0]
 [0 0 0 0 0 0 0 0 0 0]
 [0 1 1 0 0 0 0 0 0 0]
 [0 0 0 0 0 0 0 0 0 0]
 [0 0 0 0 0 0 0 0 0 0]
 [0 1 1 0 0 0 0 0 0 0]
 [0 1 1 0 0 0 0 0 0 0]
 [0 0 0 0 0 0 0 0 0 0]
 [0 0 0 0 0 0 0 0 1 1]
 [0 0 0 0 0 0 0 0 1 1]]
size: 4
time: 0.30151915550231934

[[0 0 0 0 0 0 0 0 0 0]
 [0 0 0 0 0 0 0 0 0 0]
 [0 0 0 0 0 0 0 0 0 0]
 [0 0 0 0 0 0 0 0 0 0]
 [0 0 0 0 0 0 0 0 0 0]
 [0 0 0 0 0 0 0 0 0 0]
 [0 0 0 0 0 0 0 0 0 0]
 [0 0 0 0 0 0 0 0 0 0]
 [0 0 0 0 0 0 0 0 1 1]
 [0 0 0 0 0 0 0 0 1 1]]
size: 4
time: 0.30711817741394043

[[0 0 0 0 0 0 0 0 0 0]
 [0 0 0 0 0 0 0 0 0 0]
 [0 0 0 0 0 0 0 0 0 0]
 [0 0 0 0 0 0 0 0 0 0]
 [0 0 0 0 0 0 0 0 0 0]
 [0 0 0 0 0 0 0 0 0 0]
 [0 0 0 0 0 0 0 0 0 0]
 [0 0 0 0 0 0 0 0 0 0]
 [0 0 0 0 0 0 0 0 1 1]
 [0 0 0 0 0 0 0 0 1 1]]
size: 4
time: 0.22463154792785645

[[0 0 0 0 0 0 0 0 0 0]
 [0 0 0 0 0 0 0 0 0 0]
 [0 0 0 0 0 0 0 0 0 0]
 [0 0 0 0 0 0 0 0 0 0]
 [0 0 1 1 0 0 0 0 0 0]
 [0 1 0 0 1 0 0 0 0 0]
 [0 0 1 1 0 0 0 0 0 0]
 [0 0 0 0 0 0 0 0 0 0]
 [0 0 0 0 0 0 0 0 1 1]
 [0 0 0 0 0 0 0 0 1 1]]
size: 4
time: 0.3143024444580078

[[0 0 0 0 0 0 0 0 0 0]
 [0 0 0 0 1 0 0 0 0 0]
 [0 1 0 1 0 1 0 1 0 0]
 [0 0 0 0 1 0 0 0 1 0]
 [1 0 0 1 0 1 1 0 0 0]
 [1 0 0 0 1 0 1 1 0 0]
 [1 0 0 0 0 0 1 0 0 0]
 [1 0 1 1 1 0 1 0 1 0]
 [0 1 1 1 1 0 0 1 0 1]
 [0 0 0 0 0 0 0 1 0 1]]
size: 4
time: 0.26537489891052246

[[0 0 0 0 0 0 0 0 0 0]
 [0 0 0 0 0 0 0 0 0 0]
 [0 0 0 0 0 0 0 0 0 0]
 [0 0 0 0 0 0 0 0 0 0]
 [0 0 0 0 0 0 0 0 0 0]
 [0 0 0 0 0 0 0 0 0 0]
 [0 0 0 0 0 0 0 0 0 0]
 [0 0 0 0 0 0 0 0 0 0]
 [0 0 0 0 0 0 0 0 1 1]
 [0 0 0 0 0 0 0 0 1 1]]
size: 4
time: 0.29206347465515137

[[0 0 0 0 0 0 0 0 0 0]
 [0 0 0 0 0 0 0 0 0 0]
 [0 0 0 0 0 0 0 0 0 0]
 [0 0 0 0 0 0 0 0 0 0]
 [0 0 1 1 0 0 0 0 0 0]
 [0 1 0 0 1 0 0 0 0 0]
 [0 0 1 1 0 0 0 0 0 0]
 [0 0 0 0 0 0 0 0 0 0]
 [0 0 0 0 0 0 0 0 1 1]
 [0 0 0 0 0 0 0 0 1 1]]
size: 4
time: 0.3415651321411133

[[0 0 0 0 0 0 0 0 0 0]
 [0 0 0 0 0 0 0 0 0 0]
 [0 0 0 0 0 0 0 0 0 0]
 [0 0 0 0 0 0 0 0 0 0]
 [0 0 1 1 0 0 0 0 0 0]
 [0 1 0 0 1 0 0 0 0 0]
 [0 0 1 1 0 0 0 0 0 0]
 [0 0 0 0 0 0 0 0 0 0]
 [0 0 0 0 0 0 0 0 1 1]
 [0 0 0 0 0 0 0 0 1 1]]
size: 4
time: 0.3422532081604004

[[0 0 0 0 0 0 0 0 0 0]
 [0 0 0 0 0 0 0 0 0 0]
 [0 1 0 1 0 0 0 0 0 0]
 [0 0 1 0 0 0 0 0 0 0]
 [0 0 0 0 0 0 0 0 0 0]
 [0 1 1 0 0 0 0 0 0 0]
 [0 1 1 0 0 0 0 0 0 0]
 [0 0 0 0 0 0 0 0 0 0]
 [0 0 0 0 0 0 0 0 1 1]
 [0 0 0 0 0 0 0 0 1 1]]
size: 4
time: 0.3193354606628418

[[0 0 0 0 0 0 0 0 0 0]
 [0 0 0 0 0 0 0 0 0 0]
 [0 0 0 0 0 0 0 0 0 0]
 [0 0 0 0 0 0 0 0 0 0]
 [0 0 1 1 0 0 0 0 0 0]
 [0 1 0 0 1 0 0 0 0 0]
 [0 0 1 1 0 0 0 0 0 0]
 [0 0 0 0 0 0 0 0 0 0]
 [0 0 0 0 0 0 0 0 1 1]
 [0 0 0 0 0 0 0 0 1 1]]
size: 4
time: 0.3576335906982422

[[0 0 0 0 0 0 0 0 0 0]
 [0 0 0 0 0 0 0 0 0 0]
 [0 0 0 0 0 0 0 0 0 0]
 [0 0 0 0 0 0 0 0 0 0]
 [0 0 0 0 0 0 0 0 0 0]
 [0 0 0 0 0 0 0 0 0 0]
 [0 0 0 0 0 0 0 0 0 0]
 [0 0 0 0 0 0 0 0 0 0]
 [0 0 0 0 0 0 0 0 1 1]
 [0 0 0 0 0 0 0 0 1 1]]
size: 4
time: 0.31862354278564453

[[0 0 0 0 0 0 0 0 0 0]
 [0 0 0 0 0 0 0 0 0 0]
 [0 0 0 0 1 1 0 0 0 0]
 [0 0 0 0 1 1 0 0 0 0]
 [0 0 0 0 0 0 0 0 0 0]
 [0 0 0 0 0 0 0 0 0 0]
 [0 0 0 0 0 0 0 0 0 0]
 [0 0 0 0 0 0 0 0 0 0]
 [0 0 0 0 0 0 0 0 1 1]
 [0 0 0 0 0 0 0 0 1 1]]
size: 4
time: 0.32561278343200684

[[0 0 0 0 0 0 0 0 0 0]
 [0 0 0 0 0 0 0 0 0 0]
 [0 0 1 1 0 0 0 0 0 0]
 [0 0 1 1 0 0 0 0 0 0]
 [0 0 0 0 0 0 0 0 0 0]
 [0 0 0 0 0 0 0 0 0 0]
 [0 0 0 0 0 0 0 0 0 0]
 [0 1 1 0 0 0 0 0 0 0]
 [0 1 1 0 0 0 0 0 1 1]
 [0 0 0 0 0 0 0 0 1 1]]
size: 4
time: 0.2853829860687256

[[0 0 0 0 1 0 0 0 0 0]
 [0 0 0 0 1 1 0 0 0 0]
 [0 1 0 1 0 1 0 0 0 0]
 [0 1 1 1 1 1 0 0 0 0]
 [0 0 0 0 0 0 0 0 0 0]
 [0 0 1 0 0 0 0 0 0 0]
 [0 0 1 1 0 0 0 0 0 0]
 [0 0 0 0 0 0 0 0 0 0]
 [0 0 0 0 0 0 0 0 0 0]
 [0 0 0 0 0 0 0 0 0 0]]
size: 4
time: 0.2964468002319336

[[0 0 0 0 0 0 0 1 0 0]
 [0 0 0 0 0 0 1 1 1 0]
 [1 1 0 0 0 1 0 0 0 0]
 [0 1 0 1 0 1 0 1 1 0]
 [1 1 0 0 0 0 0 0 0 0]
 [1 0 1 0 0 0 0 1 1 0]
 [1 0 1 0 0 0 0 0 1 0]
 [0 1 1 0 0 0 0 1 1 0]
 [0 0 0 0 0 0 0 0 0 0]
 [0 0 0 0 0 0 0 0 0 0]]
size: 4
time: 0.31897640228271484

[[0 0 0 0 0 0 0 0 0 0]
 [0 0 0 0 0 0 0 0 0 0]
 [0 0 0 0 0 0 0 0 0 0]
 [0 0 0 0 0 0 0 0 0 0]
 [0 0 0 0 0 0 0 0 0 0]
 [0 0 0 0 0 0 0 0 0 0]
 [0 0 0 0 0 0 0 0 0 0]
 [0 0 0 0 0 0 0 0 0 0]
 [0 0 0 0 0 0 0 0 1 1]
 [0 0 0 0 0 0 0 0 1 1]]
size: 4
time: 0.38396573066711426

[[0 0 0 0 0 0 0 0 0 0]
 [0 0 0 0 0 0 0 0 0 0]
 [0 0 0 0 0 0 0 0 0 0]
 [0 0 0 0 0 0 0 0 0 0]
 [0 0 0 0 0 0 0 0 0 0]
 [0 0 0 0 0 0 0 0 0 0]
 [0 0 0 0 0 0 0 0 0 0]
 [0 0 0 0 0 0 0 0 0 0]
 [0 0 0 0 0 0 0 0 1 1]
 [0 0 0 0 0 0 0 0 1 1]]
size: 4
time: 0.3648519515991211

[[0 0 0 0 0 0 0 0 0 0]
 [0 0 0 0 0 0 0 0 0 0]
 [0 0 0 0 0 0 0 0 0 0]
 [0 0 0 0 0 0 0 0 0 0]
 [0 0 1 1 0 0 0 0 0 0]
 [0 1 0 0 1 0 0 0 0 0]
 [0 0 1 1 0 0 0 0 0 0]
 [0 0 0 0 0 0 0 0 0 0]
 [0 0 0 0 0 0 0 0 1 1]
 [0 0 0 0 0 0 0 0 1 1]]
size: 4
time: 0.3897271156311035

[[0 0 0 0 0 0 0 0 0 0]
 [0 0 0 0 0 0 0 0 0 0]
 [0 0 0 0 0 0 0 0 0 0]
 [0 0 0 0 0 0 0 0 0 0]
 [0 0 0 0 0 0 0 0 0 0]
 [0 0 0 0 0 0 0 0 0 0]
 [0 0 0 0 0 0 0 0 0 0]
 [0 0 0 0 0 0 0 0 0 0]
 [0 0 0 0 0 0 0 0 1 1]
 [0 0 0 0 0 0 0 0 1 1]]
size: 4
time: 0.3632369041442871

[[0 0 0 0 0 0 0 0 0 0]
 [0 0 0 0 0 0 0 0 0 0]
 [0 1 0 0 1 0 0 0 0 0]
 [0 1 0 0 1 0 0 0 0 0]
 [0 0 1 1 0 0 0 0 0 0]
 [0 0 1 1 0 0 0 0 0 0]
 [0 0 0 0 0 0 0 0 0 0]
 [0 0 0 0 0 0 0 0 0 0]
 [0 0 0 0 0 0 0 0 1 1]
 [0 0 0 0 0 0 0 0 1 1]]
size: 4
time: 0.3012406826019287

[[0 0 0 0 0 0 0 0 0 0]
 [0 0 0 0 0 0 0 0 0 0]
 [0 0 0 0 0 0 0 0 0 0]
 [0 0 0 0 0 0 0 0 0 0]
 [0 0 0 0 0 0 0 0 0 0]
 [0 0 0 0 0 0 0 0 0 0]
 [0 0 0 0 0 0 0 0 0 0]
 [0 0 0 0 0 0 0 0 0 0]
 [0 0 0 0 0 0 0 0 0 0]
 [0 0 0 0 0 0 0 0 0 0]]
size: 4
time: 0.5017499923706055

[[0 0 0 0 0 0 0 0 0 0]
 [0 0 0 0 0 0 0 0 0 0]
 [0 0 0 0 0 0 0 0 0 0]
 [0 0 0 0 0 0 0 0 0 0]
 [0 0 1 1 0 0 0 0 0 0]
 [0 1 0 0 1 0 0 0 0 0]
 [0 0 1 1 0 0 0 0 0 0]
 [0 0 0 0 0 0 0 0 0 0]
 [0 0 0 0 0 0 0 0 1 1]
 [0 0 0 0 0 0 0 0 1 1]]
size: 4
time: 0.5157310962677002

[[0 0 0 0 0 0 0 0 0 0]
 [0 0 0 1 1 0 0 0 0 0]
 [0 0 0 1 1 0 0 0 0 0]
 [0 0 0 1 1 0 0 0 0 0]
 [0 0 0 0 0 0 0 0 0 0]
 [0 0 0 0 0 0 0 0 0 0]
 [0 0 0 0 0 0 0 0 0 0]
 [0 0 0 0 0 0 0 0 0 0]
 [0 0 0 0 0 0 0 0 1 1]
 [0 0 0 0 0 0 0 0 1 1]]
size: 4
time: 0.38672804832458496

[[0 0 0 0 0 0 0 0 0 0]
 [0 0 0 0 0 0 0 0 0 0]
 [0 0 0 0 0 0 0 0 0 0]
 [0 0 0 0 0 0 0 0 0 0]
 [0 0 1 1 0 0 0 0 0 0]
 [0 1 0 0 1 0 0 0 0 0]
 [0 0 1 1 0 0 0 0 0 0]
 [0 0 0 0 0 0 0 0 0 0]
 [0 0 0 0 0 0 0 0 1 1]
 [0 0 0 0 0 0 0 0 1 1]]
size: 4
time: 0.4464995861053467

[[0 0 0 0 0 0 0 0 0 0]
 [0 0 0 0 0 0 0 0 0 0]
 [0 0 0 0 0 0 0 0 0 0]
 [0 0 0 0 0 0 0 0 0 0]
 [0 0 1 1 0 0 0 0 0 0]
 [0 1 0 0 1 0 0 0 0 0]
 [0 0 1 1 0 0 0 0 0 0]
 [0 0 0 0 0 0 0 0 0 0]
 [0 0 0 0 0 0 0 0 1 1]
 [0 0 0 0 0 0 0 0 1 1]]
size: 4
time: 0.3772103786468506

[[0 0 0 0 0 0 0 0 0 0]
 [0 0 0 0 0 0 0 0 0 0]
 [0 0 0 0 0 0 0 0 0 0]
 [0 0 0 0 0 0 0 0 0 0]
 [0 0 0 0 0 0 0 0 0 0]
 [0 0 0 0 0 0 0 0 0 0]
 [0 0 0 0 0 0 0 0 0 0]
 [0 0 0 0 0 0 0 0 0 0]
 [0 0 0 0 0 0 0 0 1 1]
 [0 0 0 0 0 0 0 0 1 1]]
size: 4
time: 0.39600610733032227

[[0 0 0 0 0 0 0 0 0 0]
 [0 0 0 0 0 0 0 0 0 0]
 [0 0 0 0 0 0 0 0 0 0]
 [0 0 0 0 0 0 0 0 0 0]
 [0 0 1 1 0 0 0 0 0 0]
 [0 1 0 0 1 0 0 0 0 0]
 [0 0 1 1 0 0 0 0 0 0]
 [0 0 0 0 0 0 0 0 0 0]
 [0 0 0 0 0 0 0 0 1 1]
 [0 0 0 0 0 0 0 0 1 1]]
size: 4
time: 0.3591604232788086

[[0 0 0 0 0 0 0 0 0 0]
 [0 0 0 0 0 0 0 0 0 0]
 [0 0 0 0 0 0 0 0 0 0]
 [0 0 0 0 0 0 0 0 0 0]
 [0 0 1 1 0 0 0 0 0 0]
 [0 1 0 0 1 0 0 0 0 0]
 [0 0 1 1 0 0 0 0 0 0]
 [0 0 0 0 0 0 0 0 0 0]
 [0 0 0 0 0 0 0 0 1 1]
 [0 0 0 0 0 0 0 0 1 1]]
size: 4
time: 0.4817636013031006

[[0 0 0 0 0 0 0 0 0 0]
 [0 0 0 0 0 0 0 0 0 0]
 [0 0 0 0 0 0 0 0 0 0]
 [0 0 0 0 0 0 0 0 0 0]
 [0 0 1 1 0 0 0 0 0 0]
 [0 1 0 0 1 0 0 0 0 0]
 [0 0 1 1 0 0 0 0 0 0]
 [0 0 0 0 0 0 0 0 0 0]
 [0 0 0 0 0 0 0 0 1 1]
 [0 0 0 0 0 0 0 0 1 1]]
size: 4
time: 0.34617161750793457

[[0 0 0 0 0 0 0 0 0 0]
 [0 0 0 0 0 0 0 0 0 0]
 [0 0 0 0 0 0 0 0 0 0]
 [0 0 0 0 0 0 0 0 0 0]
 [0 0 0 0 0 0 0 0 0 0]
 [0 0 0 0 0 0 0 0 0 0]
 [0 0 0 0 0 0 0 0 0 0]
 [0 0 0 0 0 0 0 0 0 0]
 [0 0 0 0 0 0 0 0 1 1]
 [0 0 0 0 0 0 0 0 1 1]]
size: 4
time: 0.42012691497802734

[[0 0 0 0 0 0 0 0 0 0]
 [0 0 0 0 0 0 0 0 0 0]
 [0 0 0 0 0 0 0 0 0 0]
 [0 0 0 0 0 0 0 0 0 0]
 [0 0 0 0 0 0 0 0 0 0]
 [0 0 0 0 0 0 0 0 0 0]
 [0 0 0 0 0 0 0 0 0 0]
 [0 0 0 0 0 0 0 0 0 0]
 [0 0 0 0 0 0 0 0 1 1]
 [0 0 0 0 0 0 0 0 1 1]]
size: 4
time: 0.4085547924041748

[[0 0 0 0 0 0 0 0 0 0]
 [0 0 0 0 0 0 0 0 0 0]
 [1 1 0 0 0 0 0 0 0 0]
 [1 1 0 0 0 0 0 0 0 0]
 [0 0 0 0 0 0 0 0 0 0]
 [0 0 0 0 0 0 0 0 0 0]
 [0 0 0 0 0 0 0 0 0 0]
 [0 0 0 0 0 0 0 0 0 0]
 [0 0 0 0 0 0 0 0 1 1]
 [0 0 0 0 0 0 0 0 1 1]]
size: 4
time: 0.4026775360107422

[[0 0 0 0 0 0 0 0 0 0]
 [0 0 0 0 0 0 0 0 0 0]
 [0 0 0 0 0 0 0 0 0 0]
 [0 0 0 0 0 0 0 0 0 0]
 [0 0 0 0 0 0 0 0 0 0]
 [0 0 0 0 0 0 0 0 0 0]
 [0 0 0 0 0 0 0 0 0 0]
 [0 0 0 0 0 0 0 0 0 0]
 [0 0 0 0 0 0 0 0 1 1]
 [0 0 0 0 0 0 0 0 1 1]]
size: 4
time: 0.4307548999786377

[[0 0 0 0 0 0 0 0 0 0]
 [0 0 0 0 0 0 0 0 0 0]
 [0 0 0 0 0 0 0 0 0 0]
 [0 0 0 0 0 0 0 0 0 0]
 [0 0 1 1 0 0 0 0 0 0]
 [0 1 0 0 1 0 0 0 0 0]
 [0 0 1 1 0 0 0 0 0 0]
 [0 0 0 0 0 0 0 0 0 0]
 [0 0 0 0 0 0 0 0 1 1]
 [0 0 0 0 0 0 0 0 1 1]]
size: 4
time: 0.5643742084503174

[[0 0 0 0 0 0 0 0 0 0]
 [0 0 0 0 0 0 0 0 0 0]
 [0 0 0 0 0 0 0 0 0 0]
 [0 0 0 0 0 0 0 0 0 0]
 [0 0 0 0 0 0 0 0 0 0]
 [0 0 0 0 0 0 0 0 0 0]
 [0 0 0 0 0 0 0 0 0 0]
 [0 0 0 0 0 0 0 0 0 0]
 [0 0 0 0 0 0 0 0 1 1]
 [0 0 0 0 0 0 0 0 1 1]]
size: 4
time: 0.5285937786102295

[[0 0 0 0 0 0 0 0 0 0]
 [0 0 0 0 0 0 0 0 0 0]
 [0 0 0 0 0 0 0 0 0 0]
 [0 0 0 0 0 0 0 0 0 0]
 [0 0 1 1 0 0 0 0 0 0]
 [0 1 0 0 1 0 0 0 0 0]
 [0 0 1 1 0 0 0 0 0 0]
 [0 0 0 0 0 0 0 0 0 0]
 [0 0 0 0 0 0 0 0 1 1]
 [0 0 0 0 0 0 0 0 1 1]]
size: 4
time: 0.6005237102508545

[[0 0 0 0 0 0 0 0 0 0]
 [0 0 0 0 0 0 0 0 0 0]
 [0 0 0 0 0 0 0 0 0 0]
 [0 0 0 0 0 0 0 0 0 0]
 [0 0 1 1 0 0 0 0 0 0]
 [0 1 0 0 1 0 0 0 0 0]
 [0 0 1 1 0 0 0 0 0 0]
 [0 0 0 0 0 0 0 0 0 0]
 [0 0 0 0 0 0 0 0 1 1]
 [0 0 0 0 0 0 0 0 1 1]]
size: 4
time: 0.46817636489868164

[[0 0 0 0 0 0 0 0 0 0]
 [0 0 0 0 0 0 0 0 0 0]
 [0 0 0 0 0 0 0 0 0 0]
 [0 0 0 0 0 0 0 0 0 0]
 [0 0 1 1 0 0 0 0 0 0]
 [0 1 0 0 1 0 0 0 0 0]
 [0 0 1 1 0 0 0 0 0 0]
 [0 0 0 0 0 0 0 0 0 0]
 [0 0 0 0 0 0 0 0 1 1]
 [0 0 0 0 0 0 0 0 1 1]]
size: 4
time: 0.4710538387298584

[[0 0 0 0 0 0 0 0 0 0]
 [0 0 0 0 0 0 0 0 0 0]
 [0 0 0 0 0 0 0 0 0 0]
 [0 0 0 0 0 0 0 0 0 0]
 [0 0 0 0 0 0 0 0 0 0]
 [0 0 0 0 0 0 0 0 0 0]
 [0 0 0 0 0 0 0 0 0 0]
 [0 0 0 0 0 0 0 0 0 0]
 [0 0 0 0 0 0 0 0 1 1]
 [0 0 0 0 0 0 0 0 1 1]]
size: 4
time: 0.4606175422668457

[[0 0 0 0 0 0 0 0 0 0]
 [0 0 0 0 0 0 0 0 0 0]
 [0 0 0 0 0 0 0 0 0 0]
 [0 0 0 0 0 0 0 0 0 0]
 [0 0 0 0 0 0 0 0 0 0]
 [0 0 0 0 0 0 0 0 0 0]
 [0 0 0 0 0 0 0 0 0 0]
 [0 0 0 0 0 0 0 0 0 0]
 [0 0 0 0 0 0 0 0 1 1]
 [0 0 0 0 0 0 0 0 1 1]]
size: 4
time: 0.47089576721191406

[[0 0 1 1 0 0 0 0 0 0]
 [0 0 1 1 0 0 0 0 0 0]
 [0 0 0 0 0 0 0 0 0 0]
 [0 0 0 0 0 0 0 0 0 0]
 [0 0 0 0 0 0 0 0 0 0]
 [0 0 0 0 0 0 0 0 0 0]
 [0 0 0 0 0 0 0 0 0 0]
 [0 0 0 0 0 0 0 0 0 0]
 [0 0 0 0 0 0 0 0 1 1]
 [0 0 0 0 0 0 0 0 1 1]]
size: 4
time: 0.4587380886077881

[[0 0 0 0 0 0 0 0 0 0]
 [0 0 0 0 0 0 0 0 0 0]
 [0 0 0 0 0 0 0 0 0 0]
 [0 0 0 0 0 0 0 0 0 0]
 [0 0 0 0 0 0 0 0 0 0]
 [0 0 0 0 0 0 0 0 0 0]
 [0 0 0 0 0 0 0 0 0 0]
 [0 0 0 0 0 0 0 0 0 0]
 [0 0 0 0 0 0 0 0 0 0]
 [0 0 0 0 0 0 0 0 0 0]]
size: 4
time: 0.5447015762329102

[[0 0 0 0 0 0 0 0 0 0]
 [0 0 0 0 0 0 0 0 0 0]
 [0 0 0 0 0 0 0 0 0 0]
 [0 0 0 0 0 0 0 0 0 0]
 [0 0 0 0 0 0 0 0 0 0]
 [0 0 0 0 0 0 0 0 0 0]
 [0 0 0 0 0 0 0 0 0 0]
 [0 0 0 0 0 0 0 0 0 0]
 [0 0 0 0 0 0 0 0 0 0]
 [0 0 0 0 0 0 0 0 0 0]]
size: 4
time: 0.5121510028839111

[[0 0 1 1 0 0 0 0 0 0]
 [0 0 1 1 0 0 0 0 0 0]
 [0 0 0 0 0 0 0 0 0 0]
 [0 0 0 0 0 0 0 0 0 0]
 [0 0 0 0 0 0 0 0 0 0]
 [0 0 0 0 0 0 0 0 0 0]
 [0 0 0 0 0 0 0 0 0 0]
 [0 0 0 0 0 0 0 0 0 0]
 [0 0 0 0 0 0 0 0 1 1]
 [0 0 0 0 0 0 0 0 1 1]]
size: 4
time: 0.4913034439086914

[[0 0 0 0 0 0 0 0 0 0]
 [0 0 0 0 0 0 0 0 0 0]
 [0 0 0 0 0 0 0 0 0 0]
 [0 0 0 0 0 0 0 0 0 0]
 [0 0 0 0 0 0 0 0 0 0]
 [0 0 0 0 0 0 0 0 0 0]
 [0 0 0 0 0 0 0 0 0 0]
 [0 0 0 0 0 0 0 0 0 0]
 [0 0 0 0 0 0 0 0 0 0]
 [0 0 0 0 0 0 0 0 0 0]]
size: 4
time: 0.4230616092681885

[[0 0 0 0 0 0 0 0 0 0]
 [0 1 1 0 0 0 0 0 0 0]
 [0 1 1 0 0 0 1 1 0 0]
 [0 1 1 0 0 0 1 1 0 0]
 [0 0 0 0 0 0 0 0 0 0]
 [0 0 0 0 0 0 0 0 0 0]
 [0 0 0 0 0 0 0 0 0 0]
 [0 0 0 0 0 0 0 0 0 0]
 [0 0 0 0 0 0 0 0 0 0]
 [0 0 0 0 0 0 0 0 0 0]]
size: 4
time: 0.6108839511871338

[[0 0 0 0 0 0 0 0 0 0]
 [0 0 0 0 0 0 0 0 0 0]
 [0 0 0 0 0 0 0 0 0 0]
 [0 0 0 0 0 0 0 0 0 0]
 [0 0 0 0 0 0 0 0 0 0]
 [0 0 0 0 0 0 0 0 0 0]
 [0 0 0 0 0 0 0 0 0 0]
 [0 0 0 0 0 0 0 0 0 0]
 [0 0 0 0 0 0 0 0 1 1]
 [0 0 0 0 0 0 0 0 1 1]]
size: 4
time: 0.5203037261962891

[[0 0 0 0 1 0 0 0 0 0]
 [0 0 0 1 0 1 0 0 0 0]
 [0 1 0 0 1 0 0 0 0 0]
 [0 1 0 0 0 0 0 0 0 0]
 [0 0 0 0 0 0 0 0 1 0]
 [1 0 0 1 0 0 1 1 0 0]
 [1 0 0 0 0 1 0 1 0 0]
 [0 0 0 1 0 1 0 1 0 0]
 [1 0 0 0 0 1 1 1 0 0]
 [0 0 1 1 0 0 0 0 0 0]]
size: 4
time: 0.49578166007995605

[[0 0 0 0 0 0 0 0 0 0]
 [0 0 0 0 0 0 0 0 0 0]
 [0 0 0 0 0 0 0 0 0 0]
 [0 0 0 0 0 0 0 0 0 0]
 [0 0 1 1 0 0 0 0 0 0]
 [0 1 0 0 1 0 0 0 0 0]
 [0 0 1 1 0 0 0 0 0 0]
 [0 0 0 0 0 0 0 0 0 0]
 [0 0 0 0 0 0 0 0 1 1]
 [0 0 0 0 0 0 0 0 1 1]]
size: 4
time: 0.5507698059082031

[[0 0 0 0 0 0 1 1 1 1]
 [0 0 1 1 0 1 1 0 1 1]
 [0 1 1 1 1 1 1 1 0 0]
 [0 0 0 1 1 0 1 0 0 0]
 [0 0 1 0 0 0 0 0 0 0]
 [1 0 1 0 0 1 1 0 0 0]
 [0 0 1 1 0 0 1 1 1 0]
 [0 0 0 1 0 0 1 1 0 0]
 [0 1 1 1 0 0 0 1 1 0]
 [0 1 0 1 0 0 0 1 0 0]]
size: 4
time: 0.5869953632354736

[[0 0 0 0 0 0 0 0 0 0]
 [0 0 0 0 0 0 0 0 0 0]
 [0 0 0 0 0 0 0 0 0 0]
 [0 0 0 0 0 0 0 0 0 0]
 [0 0 0 0 0 0 0 0 0 0]
 [0 0 0 0 0 0 0 0 0 0]
 [0 0 0 0 0 0 0 0 0 0]
 [0 0 0 0 0 0 0 0 0 0]
 [0 0 0 0 0 0 0 0 0 0]
 [0 0 0 0 0 0 0 0 0 0]]
size: 4
time: 0.4977297782897949

[[0 0 0 0 0 0 0 0 0 0]
 [0 0 0 0 0 1 1 0 0 0]
 [0 0 0 0 0 1 1 0 0 0]
 [0 0 0 0 0 1 1 0 0 0]
 [0 0 0 0 0 0 0 0 0 0]
 [0 0 0 0 0 0 0 0 0 0]
 [0 0 0 0 0 0 0 0 0 0]
 [0 0 0 0 0 0 0 0 0 0]
 [0 0 0 0 0 0 0 0 1 1]
 [0 0 0 0 0 0 0 0 1 1]]
size: 4
time: 0.5681681632995605

[[0 0 0 0 0 0 0 0 0 0]
 [0 0 0 0 0 0 0 0 0 0]
 [0 0 0 0 0 0 0 0 0 0]
 [0 0 0 0 0 0 0 0 0 0]
 [0 0 0 0 0 0 0 0 0 0]
 [0 0 0 0 0 0 0 0 0 0]
 [0 0 0 0 0 0 0 0 0 0]
 [0 0 0 0 0 0 0 0 0 0]
 [0 0 0 0 0 0 0 0 1 1]
 [0 0 0 0 0 0 0 0 1 1]]
size: 4
time: 0.5209438800811768

[[1 1 0 0 0 0 0 0 1 1]
 [1 1 1 0 0 0 0 0 1 1]
 [0 0 1 0 0 0 0 0 0 1]
 [0 0 0 0 0 0 0 0 0 1]
 [0 0 0 0 0 0 0 0 0 0]
 [0 0 1 1 0 0 0 0 1 1]
 [0 1 1 0 0 0 0 0 0 0]
 [0 0 0 0 1 0 0 0 0 0]
 [1 0 0 1 0 0 0 0 0 1]
 [1 0 0 0 0 0 0 0 1 1]]
size: 2
time: 1.0013580322265625e-05

[[1 0 1 0 0 0 0 0 1 1]
 [1 0 1 0 0 0 0 0 0 0]
 [0 0 1 0 0 0 0 0 0 1]
 [0 0 0 0 0 0 0 0 0 0]
 [0 0 0 0 0 0 0 0 1 1]
 [0 1 1 1 0 0 0 0 0 0]
 [0 1 1 0 0 0 0 0 0 0]
 [0 1 1 1 0 0 0 0 0 0]
 [0 0 0 0 0 0 0 0 1 1]
 [0 0 0 0 0 0 0 0 1 1]]
size: 2
time: 0.003039836883544922

[[0 0 0 0 0 0 0 0 0 0]
 [0 0 1 1 0 0 0 0 1 1]
 [0 1 0 0 0 0 0 0 0 0]
 [0 0 0 0 0 0 0 0 1 1]
 [0 0 1 0 0 0 0 0 0 0]
 [0 1 0 1 0 0 0 0 0 0]
 [0 1 1 0 0 0 0 0 0 0]
 [0 1 1 1 0 0 0 0 0 0]
 [0 0 0 0 0 0 0 0 1 1]
 [0 0 0 0 0 0 0 0 1 1]]
size: 2
time: 0.005602836608886719

[[0 0 0 0 0 0 0 0 0 0]
 [0 0 1 0 0 0 0 0 0 0]
 [0 0 1 0 0 0 0 0 0 0]
 [0 0 0 0 0 0 0 0 0 0]
 [0 0 1 0 0 0 0 0 0 0]
 [0 1 0 1 0 0 0 0 0 0]
 [1 0 0 0 0 0 0 0 0 0]
 [0 1 0 1 0 0 0 0 0 0]
 [0 0 1 0 0 0 0 0 1 1]
 [0 0 0 0 0 0 0 0 1 1]]
size: 2
time: 0.008460760116577148

[[0 0 0 0 0 0 0 0 0 0]
 [0 0 0 0 0 0 0 0 0 0]
 [0 0 0 0 0 0 0 0 0 0]
 [0 0 0 0 0 0 0 0 0 0]
 [0 0 1 0 0 0 0 0 0 0]
 [0 1 1 0 0 0 0 0 0 0]
 [1 0 0 0 0 0 0 0 0 0]
 [0 1 0 1 0 0 0 0 0 0]
 [0 0 1 0 0 0 0 0 1 1]
 [0 0 0 0 0 0 0 0 1 1]]
size: 2
time: 0.01098322868347168

[[0 0 0 0 0 0 0 0 0 0]
 [0 0 0 0 0 0 0 0 0 0]
 [0 0 0 0 0 0 0 0 0 0]
 [0 0 0 0 0 0 0 0 0 0]
 [0 1 1 0 0 0 0 0 0 0]
 [0 1 1 0 0 0 0 0 0 0]
 [1 1 0 0 0 0 0 0 0 0]
 [0 1 1 0 0 0 0 0 0 0]
 [0 0 1 0 0 0 0 0 1 1]
 [0 0 0 0 0 0 0 0 1 1]]
size: 2
time: 0.013617515563964844

[[0 0 0 0 0 0 0 0 0 0]
 [0 0 0 0 0 0 0 0 0 0]
 [0 0 0 0 0 0 0 0 0 0]
 [0 0 0 0 0 0 0 0 0 0]
 [0 1 1 0 0 0 0 0 0 0]
 [0 0 0 0 0 0 0 0 0 0]
 [1 0 0 0 0 0 0 0 0 0]
 [0 1 1 0 0 0 0 0 0 0]
 [0 0 1 0 0 0 0 0 1 1]
 [0 0 0 0 0 0 0 0 1 1]]
size: 2
time: 0.016629934310913086

[[0 0 0 0 0 0 0 0 0 0]
 [0 0 0 0 0 0 0 0 0 0]
 [0 0 0 0 0 0 0 0 0 0]
 [0 0 0 0 0 0 0 0 0 0]
 [0 0 0 0 0 0 0 0 0 0]
 [0 1 0 0 0 0 0 0 0 0]
 [1 0 0 0 0 0 0 0 0 0]
 [1 0 1 0 0 0 0 0 0 0]
 [0 1 1 0 0 0 0 0 1 1]
 [0 0 0 0 0 0 0 0 1 1]]
size: 2
time: 0.018701553344726562

[[0 0 0 0 0 0 0 0 0 0]
 [0 0 0 0 0 0 0 0 0 0]
 [0 0 0 0 0 0 0 0 0 0]
 [0 0 0 0 0 0 0 0 0 0]
 [0 0 0 0 0 0 0 0 0 0]
 [0 0 0 0 0 0 0 0 0 0]
 [0 1 0 0 0 0 0 0 0 0]
 [1 1 1 0 0 0 0 0 0 0]
 [0 1 1 0 0 0 0 0 1 1]
 [0 0 0 0 0 0 0 0 1 1]]
size: 2
time: 0.021994829177856445

[[0 0 0 0 0 0 0 0 0 0]
 [0 0 0 0 0 0 0 0 0 0]
 [0 0 0 0 0 0 0 0 0 0]
 [0 0 0 0 0 0 0 0 0 0]
 [0 0 0 0 0 0 0 0 0 0]
 [0 0 0 0 0 0 0 0 0 0]
 [0 0 0 0 0 0 0 0 0 0]
 [1 0 1 0 0 0 0 0 0 0]
 [0 1 1 0 0 0 0 0 1 1]
 [0 0 0 0 0 0 0 0 1 1]]
size: 2
time: 0.02452373504638672

[[0 0 0 0 0 0 0 0 0 0]
 [0 0 0 0 0 0 0 0 0 0]
 [0 0 0 0 0 0 0 0 0 0]
 [0 0 0 0 0 0 0 0 0 0]
 [0 0 0 0 0 0 0 0 0 0]
 [0 0 0 0 0 0 0 0 0 0]
 [1 1 1 0 0 0 0 0 0 0]
 [1 0 0 0 0 0 0 0 0 0]
 [1 0 1 0 0 0 0 0 1 1]
 [0 0 0 0 0 0 0 0 1 1]]
size: 2
time: 0.02690911293029785

[[0 0 0 0 0 0 0 0 0 0]
 [0 0 0 0 0 0 0 0 0 0]
 [0 0 0 0 0 0 0 0 0 0]
 [0 0 0 0 0 0 0 0 0 0]
 [0 0 0 0 0 0 0 0 0 0]
 [0 1 0 0 0 0 0 0 0 0]
 [0 1 0 0 0 0 0 0 0 0]
 [0 0 0 0 0 0 0 0 0 0]
 [1 1 1 0 0 0 0 0 1 1]
 [0 0 0 0 0 0 0 0 1 1]]
size: 2
time: 0.030060768127441406

[[0 0 0 0 0 0 0 0 0 0]
 [0 0 0 0 0 0 0 0 0 0]
 [0 0 0 0 0 0 0 0 0 0]
 [0 0 0 0 0 0 0 0 0 0]
 [0 0 0 0 0 0 0 0 0 0]
 [0 0 0 0 0 0 0 0 0 0]
 [0 1 0 0 0 0 0 0 0 0]
 [1 0 1 0 0 0 0 0 0 0]
 [0 1 0 0 0 0 0 0 1 1]
 [0 0 0 0 0 0 0 0 1 1]]
size: 2
time: 0.03181004524230957

[[0 0 0 0 0 0 0 0 0 0]
 [0 0 0 0 0 0 0 0 0 0]
 [0 0 0 0 0 0 0 0 0 0]
 [0 0 0 0 0 0 0 0 0 0]
 [0 0 0 0 0 0 0 0 0 0]
 [0 0 0 0 0 0 0 0 0 0]
 [0 0 0 0 0 0 0 0 0 0]
 [1 0 1 0 0 0 0 0 0 0]
 [0 1 0 0 0 0 0 0 1 1]
 [0 1 0 0 0 0 0 0 1 1]]
size: 2
time: 0.034372568130493164

[[0 0 0 0 0 0 0 0 0 0]
 [0 0 0 0 0 0 0 0 0 0]
 [0 0 0 0 0 0 0 0 0 0]
 [0 0 0 0 0 0 0 0 0 0]
 [0 0 0 0 0 0 0 0 0 0]
 [0 0 0 0 0 0 0 0 0 0]
 [0 0 0 0 0 0 0 0 0 0]
 [1 0 1 0 0 0 0 0 0 0]
 [0 1 0 0 0 0 0 0 1 1]
 [0 0 0 0 0 0 0 0 1 1]]
size: 2
time: 0.036176204681396484

[[0 0 0 0 0 0 0 0 0 0]
 [0 0 0 0 0 0 0 0 0 0]
 [0 0 0 0 0 0 0 0 0 0]
 [0 0 0 0 0 0 0 0 0 0]
 [0 0 0 0 0 0 0 0 0 0]
 [0 0 0 0 0 0 0 0 0 0]
 [0 0 0 0 0 0 0 0 0 0]
 [0 1 0 0 0 0 0 0 0 0]
 [1 1 1 0 0 0 0 0 1 1]
 [0 0 0 0 0 0 0 0 1 1]]
size: 2
time: 0.04006457328796387

[[0 0 0 0 0 0 0 0 0 0]
 [0 0 0 0 0 0 0 0 0 0]
 [0 0 0 0 0 0 0 0 0 0]
 [0 0 0 0 0 0 0 0 0 0]
 [0 0 0 0 0 0 0 0 0 0]
 [0 0 0 0 0 0 0 0 0 0]
 [0 0 0 0 0 0 0 0 0 0]
 [0 1 0 0 0 0 0 0 0 0]
 [1 1 1 0 0 0 0 0 1 1]
 [0 0 0 0 0 0 0 0 1 1]]
size: 2
time: 0.04206085205078125

[[0 0 0 0 0 0 0 0 0 0]
 [0 0 0 0 0 0 0 0 0 0]
 [0 0 0 0 0 0 0 0 0 0]
 [0 0 0 0 0 0 0 0 0 0]
 [0 0 0 0 0 0 0 0 0 0]
 [0 0 0 0 0 0 0 0 0 0]
 [0 0 0 0 0 0 0 0 0 0]
 [1 1 1 0 0 0 0 0 0 0]
 [1 1 1 0 0 0 0 0 1 1]
 [0 1 0 0 0 0 0 0 1 1]]
size: 2
time: 0.046195268630981445

[[0 0 0 0 0 0 0 0 0 0]
 [0 0 0 0 0 0 0 0 0 0]
 [0 0 0 0 0 0 0 0 0 0]
 [0 0 0 0 0 0 0 0 0 0]
 [0 0 0 0 0 0 0 0 0 0]
 [0 0 0 0 0 0 0 0 0 0]
 [0 0 0 0 0 0 0 0 0 0]
 [1 1 1 0 0 0 0 0 0 0]
 [1 1 1 0 0 0 0 0 1 1]
 [0 1 0 0 0 0 0 0 1 1]]
size: 2
time: 0.04673433303833008

[[0 0 0 0 0 0 0 0 0 0]
 [0 0 0 0 0 0 0 0 0 0]
 [0 0 0 0 0 0 0 0 0 0]
 [0 0 0 0 0 0 0 0 0 0]
 [0 0 0 0 0 0 0 0 0 0]
 [0 0 0 0 0 0 0 0 0 0]
 [0 1 0 0 0 0 0 0 0 0]
 [1 0 1 0 0 0 0 0 0 0]
 [0 0 0 0 0 0 0 0 1 1]
 [1 1 1 0 0 0 0 0 1 1]]
size: 2
time: 0.05105090141296387

[[0 0 0 0 0 0 0 0 0 0]
 [0 0 0 0 0 0 0 0 0 0]
 [0 0 0 0 0 0 0 0 0 0]
 [0 0 0 0 0 0 0 0 0 0]
 [0 0 0 0 0 0 0 0 0 0]
 [0 0 0 0 0 0 0 0 0 0]
 [0 1 0 0 0 0 0 0 0 0]
 [1 0 1 0 0 0 0 0 0 0]
 [0 0 0 0 0 0 0 0 1 1]
 [1 1 1 0 0 0 0 0 1 1]]
size: 2
time: 0.05225086212158203

[[0 0 0 0 0 0 0 0 0 0]
 [0 0 0 0 0 0 0 0 0 0]
 [0 0 0 0 0 0 0 0 0 0]
 [0 0 0 0 0 0 0 0 0 0]
 [0 0 0 0 0 0 0 0 0 0]
 [0 0 0 0 0 0 0 0 0 0]
 [0 1 0 0 0 0 0 0 0 0]
 [0 1 0 0 0 0 0 0 0 0]
 [1 0 1 0 0 0 0 0 1 1]
 [0 1 0 0 0 0 0 0 1 1]]
size: 2
time: 0.05524182319641113

[[0 0 0 0 0 0 0 0 0 0]
 [0 0 0 0 0 0 0 0 0 0]
 [0 0 0 0 0 0 0 0 0 0]
 [0 0 0 0 0 0 0 0 0 0]
 [0 0 0 0 0 0 0 0 0 0]
 [0 0 0 0 0 0 0 0 0 0]
 [0 1 0 0 0 0 0 0 0 0]
 [0 1 0 0 0 0 0 0 0 0]
 [1 0 1 0 0 0 0 0 1 1]
 [0 1 0 0 0 0 0 0 1 1]]
size: 2
time: 0.057370662689208984

[[0 0 0 0 0 0 0 0 0 0]
 [0 0 0 0 0 0 0 0 0 0]
 [0 0 0 0 0 0 0 0 0 0]
 [0 0 0 0 0 0 0 0 0 0]
 [0 0 0 0 0 0 0 0 0 0]
 [0 0 0 0 0 0 0 0 0 0]
 [0 0 0 0 0 0 0 0 0 0]
 [1 1 1 0 0 0 0 0 0 0]
 [1 0 1 0 0 0 0 0 1 1]
 [0 1 0 0 0 0 0 0 1 1]]
size: 2
time: 0.06431698799133301

[[0 0 0 0 0 0 0 0 0 0]
 [0 0 0 0 0 0 0 0 0 0]
 [0 0 0 0 0 0 0 0 0 0]
 [0 0 0 0 0 0 0 0 0 0]
 [0 0 0 0 0 0 0 0 0 0]
 [0 0 0 0 0 0 0 0 0 0]
 [0 0 0 0 0 0 0 0 0 0]
 [1 1 1 0 0 0 0 0 0 0]
 [1 0 1 0 0 0 0 0 1 1]
 [0 1 0 0 0 0 0 0 1 1]]
size: 2
time: 0.0632638931274414

[[0 0 0 0 0 0 0 0 0 0]
 [0 0 0 0 0 0 0 0 0 0]
 [0 0 0 0 0 0 0 0 0 0]
 [0 0 0 0 0 0 0 0 0 0]
 [0 0 0 0 0 0 0 0 0 0]
 [0 0 0 0 0 0 0 0 0 0]
 [0 1 0 0 0 0 0 0 0 0]
 [1 0 1 0 0 0 0 0 0 0]
 [1 0 1 0 0 0 0 0 1 1]
 [0 1 0 0 0 0 0 0 1 1]]
size: 2
time: 0.06511783599853516

[[0 0 0 0 0 0 0 0 0 0]
 [0 0 0 0 0 0 0 0 0 0]
 [0 0 0 0 0 0 0 0 0 0]
 [0 0 0 0 0 0 0 0 0 0]
 [0 0 0 0 0 0 0 0 0 0]
 [0 0 0 0 0 0 0 0 0 0]
 [0 1 0 0 0 0 0 0 0 0]
 [1 0 1 0 0 0 0 0 0 0]
 [1 0 1 0 0 0 0 0 1 1]
 [0 1 0 0 0 0 0 0 1 1]]
size: 2
time: 0.07404422760009766

[[0 0 0 0 0 0 0 0 0 0]
 [0 0 0 0 0 0 0 0 0 0]
 [0 0 0 0 0 0 0 0 0 0]
 [0 0 0 0 0 0 0 0 0 0]
 [0 0 0 0 0 0 0 0 0 0]
 [0 0 0 0 0 0 0 0 0 0]
 [0 1 0 0 0 0 0 0 0 0]
 [1 0 1 0 0 0 0 0 0 0]
 [1 0 1 0 0 0 0 0 1 1]
 [0 1 0 0 0 0 0 0 1 1]]
size: 2
time: 0.06880831718444824

[[0 0 0 0 0 0 0 0 0 0]
 [0 0 0 0 0 0 0 0 0 0]
 [0 0 0 0 0 0 0 0 0 0]
 [0 0 0 0 0 0 0 0 0 0]
 [0 0 0 0 0 0 0 0 0 0]
 [0 0 0 0 0 0 0 0 0 0]
 [0 1 0 0 0 0 0 0 0 0]
 [1 0 1 0 0 0 0 0 0 0]
 [1 0 1 0 0 0 0 0 1 1]
 [0 1 0 0 0 0 0 0 1 1]]
size: 2
time: 0.07421684265136719

[[0 0 0 0 0 0 0 0 0 0]
 [0 0 0 0 0 0 0 0 0 0]
 [0 0 0 0 0 0 0 0 0 0]
 [0 0 0 0 0 0 0 0 0 0]
 [0 0 0 0 0 0 0 0 0 0]
 [0 0 0 0 0 0 0 0 0 0]
 [0 1 0 0 0 0 0 0 0 0]
 [1 0 1 0 0 0 0 0 0 0]
 [1 0 1 0 0 0 0 0 1 1]
 [0 1 0 0 0 0 0 0 1 1]]
size: 2
time: 0.07663488388061523

[[0 0 0 0 0 0 0 0 0 0]
 [0 0 0 0 0 0 0 0 0 0]
 [0 0 0 0 0 0 0 0 0 0]
 [0 0 0 0 0 0 0 0 0 0]
 [0 0 0 0 0 0 0 0 0 0]
 [0 0 0 0 0 0 0 0 0 0]
 [0 1 0 0 0 0 0 0 0 0]
 [1 0 1 0 0 0 0 0 0 0]
 [1 0 1 0 0 0 0 0 1 1]
 [0 1 0 0 0 0 0 0 1 1]]
size: 2
time: 0.07929444313049316

[[0 0 0 0 0 0 0 0 0 0]
 [0 0 0 0 0 0 0 0 0 0]
 [0 0 0 0 0 0 0 0 0 0]
 [0 0 0 0 0 0 0 0 0 0]
 [0 0 0 0 0 0 0 0 0 0]
 [0 0 0 0 0 0 0 0 0 0]
 [0 1 0 0 0 0 0 0 0 0]
 [1 0 1 0 0 0 0 0 0 0]
 [1 0 1 0 0 0 0 0 1 1]
 [0 1 0 0 0 0 0 0 1 1]]
size: 2
time: 0.08053731918334961

[[0 0 0 0 0 0 0 0 0 0]
 [0 0 0 0 0 0 0 0 0 0]
 [0 0 0 0 0 0 0 0 0 0]
 [0 0 0 0 0 0 0 0 0 0]
 [0 0 0 0 0 0 0 0 0 0]
 [0 0 0 0 0 0 0 0 0 0]
 [0 1 0 0 0 0 0 0 0 0]
 [1 0 1 0 0 0 0 0 0 0]
 [1 0 1 0 0 0 0 0 1 1]
 [0 1 0 0 0 0 0 0 1 1]]
size: 2
time: 0.0848386287689209

[[0 0 0 0 0 0 0 0 0 0]
 [0 0 0 0 0 0 0 0 0 0]
 [0 0 0 0 0 0 0 0 0 0]
 [0 0 0 0 0 0 0 0 0 0]
 [0 0 0 0 0 0 0 0 0 0]
 [0 0 0 0 0 0 0 0 0 0]
 [0 1 0 0 0 0 0 0 0 0]
 [1 0 1 0 0 0 0 0 0 0]
 [1 0 1 0 0 0 0 0 1 1]
 [0 1 0 0 0 0 0 0 1 1]]
size: 2
time: 0.08595943450927734

[[0 0 0 0 0 0 0 0 0 0]
 [0 0 0 0 0 0 0 0 0 0]
 [0 0 0 0 0 0 0 0 0 0]
 [0 0 0 0 0 0 0 0 0 0]
 [0 0 0 0 0 0 0 0 0 0]
 [0 0 0 0 0 0 0 0 0 0]
 [0 1 0 0 0 0 0 0 0 0]
 [1 0 1 0 0 0 0 0 0 0]
 [1 0 1 0 0 0 0 0 1 1]
 [0 1 0 0 0 0 0 0 1 1]]
size: 2
time: 0.08950614929199219

[[0 0 0 0 0 0 0 0 0 0]
 [0 0 0 0 0 0 0 0 0 0]
 [0 0 0 0 0 0 0 0 0 0]
 [0 0 0 0 0 0 0 0 0 0]
 [0 0 0 0 0 0 0 0 0 0]
 [0 0 0 0 0 0 0 0 0 0]
 [0 1 0 0 0 0 0 0 0 0]
 [1 0 1 0 0 0 0 0 0 0]
 [1 0 1 0 0 0 0 0 1 1]
 [0 1 0 0 0 0 0 0 1 1]]
size: 2
time: 0.09132122993469238

[[0 0 0 0 0 0 0 0 0 0]
 [0 0 0 0 0 0 0 0 0 0]
 [0 0 0 0 0 0 0 0 0 0]
 [0 0 0 0 0 0 0 0 0 0]
 [0 0 0 0 0 0 0 0 0 0]
 [0 0 0 0 0 0 0 0 0 0]
 [0 1 0 0 0 0 0 0 0 0]
 [1 0 1 0 0 0 0 0 0 0]
 [1 0 1 0 0 0 0 0 1 1]
 [0 1 0 0 0 0 0 0 1 1]]
size: 2
time: 0.0984342098236084

[[0 0 0 0 0 0 0 0 0 0]
 [0 0 0 0 0 0 0 0 0 0]
 [0 0 0 0 0 0 0 0 0 0]
 [0 0 0 0 0 0 0 0 0 0]
 [0 0 0 0 0 0 0 0 0 0]
 [0 0 0 0 0 0 0 0 0 0]
 [0 1 0 0 0 0 0 0 0 0]
 [1 0 1 0 0 0 0 0 0 0]
 [1 0 1 0 0 0 0 0 1 1]
 [0 1 0 0 0 0 0 0 1 1]]
size: 2
time: 0.09562897682189941

[[0 0 0 0 0 0 0 0 0 0]
 [0 0 0 0 0 0 0 0 0 0]
 [0 0 0 0 0 0 0 0 0 0]
 [0 0 0 0 0 0 0 0 0 0]
 [0 0 0 0 0 0 0 0 0 0]
 [0 0 0 0 0 0 0 0 0 0]
 [0 1 0 0 0 0 0 0 0 0]
 [1 0 1 0 0 0 0 0 0 0]
 [1 0 1 0 0 0 0 0 1 1]
 [0 1 0 0 0 0 0 0 1 1]]
size: 2
time: 0.10057353973388672

[[0 0 0 0 0 0 0 0 0 0]
 [0 0 0 0 0 0 0 0 0 0]
 [0 0 0 0 0 0 0 0 0 0]
 [0 0 0 0 0 0 0 0 0 0]
 [0 0 0 0 0 0 0 0 0 0]
 [0 0 0 0 0 0 0 0 0 0]
 [0 1 0 0 0 0 0 0 0 0]
 [1 0 1 0 0 0 0 0 0 0]
 [1 0 1 0 0 0 0 0 1 1]
 [0 1 0 0 0 0 0 0 1 1]]
size: 2
time: 0.10146737098693848

[[0 0 0 0 0 0 0 0 0 0]
 [0 0 0 0 0 0 0 0 0 0]
 [0 0 0 0 0 0 0 0 0 0]
 [0 0 0 0 0 0 0 0 0 0]
 [0 0 0 0 0 0 0 0 0 0]
 [0 0 0 0 0 0 0 0 0 0]
 [0 1 0 0 0 0 0 0 0 0]
 [1 0 1 0 0 0 0 0 0 0]
 [1 0 1 0 0 0 0 0 1 1]
 [0 1 0 0 0 0 0 0 1 1]]
size: 2
time: 0.1025235652923584

[[0 0 0 0 0 0 0 0 0 0]
 [0 0 0 0 0 0 0 0 0 0]
 [0 0 0 0 0 0 0 0 0 0]
 [0 0 0 0 0 0 0 0 0 0]
 [0 0 0 0 0 0 0 0 0 0]
 [0 0 0 0 0 0 0 0 0 0]
 [0 1 0 0 0 0 0 0 0 0]
 [1 0 1 0 0 0 0 0 0 0]
 [1 0 1 0 0 0 0 0 1 1]
 [0 1 0 0 0 0 0 0 1 1]]
size: 2
time: 0.10656499862670898

[[0 0 0 0 0 0 0 0 0 0]
 [0 0 0 0 0 0 0 0 0 0]
 [0 0 0 0 0 0 0 0 0 0]
 [0 0 0 0 0 0 0 0 0 0]
 [0 0 0 0 0 0 0 0 0 0]
 [0 0 0 0 0 0 0 0 0 0]
 [0 1 0 0 0 0 0 0 0 0]
 [1 0 1 0 0 0 0 0 0 0]
 [1 0 1 0 0 0 0 0 1 1]
 [0 1 0 0 0 0 0 0 1 1]]
size: 2
time: 0.1097714900970459

[[0 0 0 0 0 0 0 0 0 0]
 [0 0 0 0 0 0 0 0 0 0]
 [0 0 0 0 0 0 0 0 0 0]
 [0 0 0 0 0 0 0 0 0 0]
 [0 0 0 0 0 0 0 0 0 0]
 [0 0 0 0 0 0 0 0 0 0]
 [0 1 0 0 0 0 0 0 0 0]
 [1 0 1 0 0 0 0 0 0 0]
 [1 0 1 0 0 0 0 0 1 1]
 [0 1 0 0 0 0 0 0 1 1]]
size: 2
time: 0.11370491981506348

[[0 0 0 0 0 0 0 0 0 0]
 [0 0 0 0 0 0 0 0 0 0]
 [0 0 0 0 0 0 0 0 0 0]
 [0 0 0 0 0 0 0 0 0 0]
 [0 0 0 0 0 0 0 0 0 0]
 [0 0 0 0 0 0 0 0 0 0]
 [0 1 0 0 0 0 0 0 0 0]
 [1 0 1 0 0 0 0 0 0 0]
 [1 0 1 0 0 0 0 0 1 1]
 [0 1 0 0 0 0 0 0 1 1]]
size: 2
time: 0.11581921577453613

[[0 0 0 0 0 0 0 0 0 0]
 [0 0 0 0 0 0 0 0 0 0]
 [0 0 0 0 0 0 0 0 0 0]
 [0 0 0 0 0 0 0 0 0 0]
 [0 0 0 0 0 0 0 0 0 0]
 [0 0 0 0 0 0 0 0 0 0]
 [0 1 0 0 0 0 0 0 0 0]
 [1 0 1 0 0 0 0 0 0 0]
 [1 0 1 0 0 0 0 0 1 1]
 [0 1 0 0 0 0 0 0 1 1]]
size: 2
time: 0.11752176284790039

[[0 0 0 0 0 0 0 0 0 0]
 [0 0 0 0 0 0 0 0 0 0]
 [0 0 0 0 0 0 0 0 0 0]
 [0 0 0 0 0 0 0 0 0 0]
 [0 0 0 0 0 0 0 0 0 0]
 [0 0 0 0 0 0 0 0 0 0]
 [0 1 0 0 0 0 0 0 0 0]
 [1 0 1 0 0 0 0 0 0 0]
 [1 0 1 0 0 0 0 0 1 1]
 [0 1 0 0 0 0 0 0 1 1]]
size: 2
time: 0.11804914474487305

[[0 0 0 0 0 0 0 0 0 0]
 [0 0 0 0 0 0 0 0 0 0]
 [0 0 0 0 0 0 0 0 0 0]
 [0 0 0 0 0 0 0 0 0 0]
 [0 0 0 0 0 0 0 0 0 0]
 [0 0 0 0 0 0 0 0 0 0]
 [0 1 0 0 0 0 0 0 0 0]
 [1 0 1 0 0 0 0 0 0 0]
 [1 0 1 0 0 0 0 0 1 1]
 [0 1 0 0 0 0 0 0 1 1]]
size: 2
time: 0.12174630165100098

[[0 0 0 0 0 0 0 0 0 0]
 [0 0 0 0 0 0 0 0 0 0]
 [0 0 0 0 0 0 0 0 0 0]
 [0 0 0 0 0 0 0 0 0 0]
 [0 0 0 0 0 0 0 0 0 0]
 [0 0 0 0 0 0 0 0 0 0]
 [0 1 0 0 0 0 0 0 0 0]
 [1 0 1 0 0 0 0 0 0 0]
 [1 0 1 0 0 0 0 0 1 1]
 [0 1 0 0 0 0 0 0 1 1]]
size: 2
time: 0.12253165245056152

[[0 0 0 0 0 0 0 0 0 0]
 [0 0 0 0 0 0 0 0 0 0]
 [0 0 0 0 0 0 0 0 0 0]
 [0 0 0 0 0 0 0 0 0 0]
 [0 0 0 0 0 0 0 0 0 0]
 [0 0 0 0 0 0 0 0 0 0]
 [0 1 0 0 0 0 0 0 0 0]
 [1 0 1 0 0 0 0 0 0 0]
 [1 0 1 0 0 0 0 0 1 1]
 [0 1 0 0 0 0 0 0 1 1]]
size: 2
time: 0.14100408554077148

[[0 0 0 0 0 0 0 0 0 0]
 [0 0 0 0 0 0 0 0 0 0]
 [0 0 0 0 0 0 0 0 0 0]
 [0 0 0 0 0 0 0 0 0 0]
 [0 0 0 0 0 0 0 0 0 0]
 [0 0 0 0 0 0 0 0 0 0]
 [0 1 0 0 0 0 0 0 0 0]
 [1 0 1 0 0 0 0 0 0 0]
 [1 0 1 0 0 0 0 0 1 1]
 [0 1 0 0 0 0 0 0 1 1]]
size: 2
time: 0.13413214683532715

[[0 0 0 0 0 0 0 0 0 0]
 [0 0 0 0 0 0 0 0 0 0]
 [0 0 0 0 0 0 0 0 0 0]
 [0 0 0 0 0 0 0 0 0 0]
 [0 0 0 0 0 0 0 0 0 0]
 [0 0 0 0 0 0 0 0 0 0]
 [0 1 0 0 0 0 0 0 0 0]
 [1 0 1 0 0 0 0 0 0 0]
 [1 0 1 0 0 0 0 0 1 1]
 [0 1 0 0 0 0 0 0 1 1]]
size: 2
time: 0.13351154327392578

[[0 0 0 0 0 0 0 0 0 0]
 [0 0 0 0 0 0 0 0 0 0]
 [0 0 0 0 0 0 0 0 0 0]
 [0 0 0 0 0 0 0 0 0 0]
 [0 0 0 0 0 0 0 0 0 0]
 [0 0 0 0 0 0 0 0 0 0]
 [0 1 0 0 0 0 0 0 0 0]
 [1 0 1 0 0 0 0 0 0 0]
 [1 0 1 0 0 0 0 0 1 1]
 [0 1 0 0 0 0 0 0 1 1]]
size: 2
time: 0.14845991134643555

[[0 0 0 0 0 0 0 0 0 0]
 [0 0 0 0 0 0 0 0 0 0]
 [0 0 0 0 0 0 0 0 0 0]
 [0 0 0 0 0 0 0 0 0 0]
 [0 0 0 0 0 0 0 0 0 0]
 [0 0 0 0 0 0 0 0 0 0]
 [0 1 0 0 0 0 0 0 0 0]
 [1 0 1 0 0 0 0 0 0 0]
 [1 0 1 0 0 0 0 0 1 1]
 [0 1 0 0 0 0 0 0 1 1]]
size: 2
time: 0.13809609413146973

[[0 0 0 0 0 0 0 0 0 0]
 [0 0 0 0 0 0 0 0 0 0]
 [0 0 0 0 0 0 0 0 0 0]
 [0 0 0 0 0 0 0 0 0 0]
 [0 0 0 0 0 0 0 0 0 0]
 [0 0 0 0 0 0 0 0 0 0]
 [0 1 0 0 0 0 0 0 0 0]
 [1 0 1 0 0 0 0 0 0 0]
 [1 0 1 0 0 0 0 0 1 1]
 [0 1 0 0 0 0 0 0 1 1]]
size: 2
time: 0.13990211486816406

[[0 0 0 0 0 0 0 0 0 0]
 [0 0 0 0 0 0 0 0 0 0]
 [0 0 0 0 0 0 0 0 0 0]
 [0 0 0 0 0 0 0 0 0 0]
 [0 0 0 0 0 0 0 0 0 0]
 [0 0 0 0 0 0 0 0 0 0]
 [0 1 0 0 0 0 0 0 0 0]
 [1 0 1 0 0 0 0 0 0 0]
 [1 0 1 0 0 0 0 0 1 1]
 [0 1 0 0 0 0 0 0 1 1]]
size: 2
time: 0.14701581001281738

[[0 0 0 0 0 0 0 0 0 0]
 [0 0 0 0 0 0 0 0 0 0]
 [0 0 0 0 0 0 0 0 0 0]
 [0 0 0 0 0 0 0 0 0 0]
 [0 0 0 0 0 0 0 0 0 0]
 [0 0 0 0 0 0 0 0 0 0]
 [0 1 0 0 0 0 0 0 0 0]
 [1 0 1 0 0 0 0 0 0 0]
 [1 0 1 0 0 0 0 0 1 1]
 [0 1 0 0 0 0 0 0 1 1]]
size: 2
time: 0.14468669891357422

[[0 0 0 0 0 0 0 0 0 0]
 [0 0 0 0 0 0 0 0 0 0]
 [0 0 0 0 0 0 0 0 0 0]
 [0 0 0 0 0 0 0 0 0 0]
 [0 0 0 0 0 0 0 0 0 0]
 [0 0 0 0 0 0 0 0 0 0]
 [0 1 0 0 0 0 0 0 0 0]
 [1 0 1 0 0 0 0 0 0 0]
 [1 0 1 0 0 0 0 0 1 1]
 [0 1 0 0 0 0 0 0 1 1]]
size: 2
time: 0.14644145965576172

[[0 0 0 0 0 0 0 0 0 0]
 [0 0 0 0 0 0 0 0 0 0]
 [0 0 0 0 0 0 0 0 0 0]
 [0 0 0 0 0 0 0 0 0 0]
 [0 0 0 0 0 0 0 0 0 0]
 [0 0 0 0 0 0 0 0 0 0]
 [0 1 0 0 0 0 0 0 0 0]
 [1 0 1 0 0 0 0 0 0 0]
 [1 0 1 0 0 0 0 0 1 1]
 [0 1 0 0 0 0 0 0 1 1]]
size: 2
time: 0.1505131721496582

[[0 0 0 0 0 0 0 0 0 0]
 [0 0 0 0 0 0 0 0 0 0]
 [0 0 0 0 0 0 0 0 0 0]
 [0 0 0 0 0 0 0 0 0 0]
 [0 0 0 0 0 0 0 0 0 0]
 [0 0 0 0 0 0 0 0 0 0]
 [0 1 0 0 0 0 0 0 0 0]
 [1 0 1 0 0 0 0 0 0 0]
 [1 0 1 0 0 0 0 0 1 1]
 [0 1 0 0 0 0 0 0 1 1]]
size: 2
time: 0.15697407722473145

[[0 0 0 0 0 0 0 0 0 0]
 [0 0 0 0 0 0 0 0 0 0]
 [0 0 0 0 0 0 0 0 0 0]
 [0 0 0 0 0 0 0 0 0 0]
 [0 0 0 0 0 0 0 0 0 0]
 [0 0 0 0 0 0 0 0 0 0]
 [0 1 0 0 0 0 0 0 0 0]
 [1 0 1 0 0 0 0 0 0 0]
 [1 0 1 0 0 0 0 0 1 1]
 [0 1 0 0 0 0 0 0 1 1]]
size: 2
time: 0.15573859214782715

[[0 0 0 0 0 0 0 0 0 0]
 [0 0 0 0 0 0 0 0 0 0]
 [0 0 0 0 0 0 0 0 0 0]
 [0 0 0 0 0 0 0 0 0 0]
 [0 0 0 0 0 0 0 0 0 0]
 [0 0 0 0 0 0 0 0 0 0]
 [0 1 0 0 0 0 0 0 0 0]
 [1 0 1 0 0 0 0 0 0 0]
 [1 0 1 0 0 0 0 0 1 1]
 [0 1 0 0 0 0 0 0 1 1]]
size: 2
time: 0.16921305656433105

[[0 0 0 0 0 0 0 0 0 0]
 [0 0 0 0 0 0 0 0 0 0]
 [0 0 0 0 0 0 0 0 0 0]
 [0 0 0 0 0 0 0 0 0 0]
 [0 0 0 0 0 0 0 0 0 0]
 [0 0 0 0 0 0 0 0 0 0]
 [0 1 0 0 0 0 0 0 0 0]
 [1 0 1 0 0 0 0 0 0 0]
 [1 0 1 0 0 0 0 0 1 1]
 [0 1 0 0 0 0 0 0 1 1]]
size: 2
time: 0.16272687911987305

[[0 0 0 0 0 0 0 0 0 0]
 [0 0 0 0 0 0 0 0 0 0]
 [0 0 0 0 0 0 0 0 0 0]
 [0 0 0 0 0 0 0 0 0 0]
 [0 0 0 0 0 0 0 0 0 0]
 [0 0 0 0 0 0 0 0 0 0]
 [0 1 0 0 0 0 0 0 0 0]
 [1 0 1 0 0 0 0 0 0 0]
 [1 0 1 0 0 0 0 0 1 1]
 [0 1 0 0 0 0 0 0 1 1]]
size: 2
time: 0.16362571716308594

[[0 0 0 0 0 0 0 0 0 0]
 [0 0 0 0 0 0 0 0 0 0]
 [0 0 0 0 0 0 0 0 0 0]
 [0 0 0 0 0 0 0 0 0 0]
 [0 0 0 0 0 0 0 0 0 0]
 [0 0 0 0 0 0 0 0 0 0]
 [0 1 0 0 0 0 0 0 0 0]
 [1 0 1 0 0 0 0 0 0 0]
 [1 0 1 0 0 0 0 0 1 1]
 [0 1 0 0 0 0 0 0 1 1]]
size: 2
time: 0.16658234596252441

[[0 0 0 0 0 0 0 0 0 0]
 [0 0 0 0 0 0 0 0 0 0]
 [0 0 0 0 0 0 0 0 0 0]
 [0 0 0 0 0 0 0 0 0 0]
 [0 0 0 0 0 0 0 0 0 0]
 [0 0 0 0 0 0 0 0 0 0]
 [0 1 0 0 0 0 0 0 0 0]
 [1 0 1 0 0 0 0 0 0 0]
 [1 0 1 0 0 0 0 0 1 1]
 [0 1 0 0 0 0 0 0 1 1]]
size: 2
time: 0.1688365936279297

[[0 0 0 0 0 0 0 0 0 0]
 [0 0 0 0 0 0 0 0 0 0]
 [0 0 0 0 0 0 0 0 0 0]
 [0 0 0 0 0 0 0 0 0 0]
 [0 0 0 0 0 0 0 0 0 0]
 [0 0 0 0 0 0 0 0 0 0]
 [0 1 0 0 0 0 0 0 0 0]
 [1 0 1 0 0 0 0 0 0 0]
 [1 0 1 0 0 0 0 0 1 1]
 [0 1 0 0 0 0 0 0 1 1]]
size: 2
time: 0.1698131561279297

[[0 0 0 0 0 0 0 0 0 0]
 [0 0 0 0 0 0 0 0 0 0]
 [0 0 0 0 0 0 0 0 0 0]
 [0 0 0 0 0 0 0 0 0 0]
 [0 0 0 0 0 0 0 0 0 0]
 [0 0 0 0 0 0 0 0 0 0]
 [0 1 0 0 0 0 0 0 0 0]
 [1 0 1 0 0 0 0 0 0 0]
 [1 0 1 0 0 0 0 0 1 1]
 [0 1 0 0 0 0 0 0 1 1]]
size: 2
time: 0.1761329174041748

[[0 0 0 0 0 0 0 0 0 0]
 [0 0 0 0 0 0 0 0 0 0]
 [0 0 0 0 0 0 0 0 0 0]
 [0 0 0 0 0 0 0 0 0 0]
 [0 0 0 0 0 0 0 0 0 0]
 [0 0 0 0 0 0 0 0 0 0]
 [0 1 0 0 0 0 0 0 0 0]
 [1 0 1 0 0 0 0 0 0 0]
 [1 0 1 0 0 0 0 0 1 1]
 [0 1 0 0 0 0 0 0 1 1]]
size: 2
time: 0.19294428825378418

[[0 0 0 0 0 0 0 0 0 0]
 [0 0 0 0 0 0 0 0 0 0]
 [0 0 0 0 0 0 0 0 0 0]
 [0 0 0 0 0 0 0 0 0 0]
 [0 0 0 0 0 0 0 0 0 0]
 [0 0 0 0 0 0 0 0 0 0]
 [0 1 0 0 0 0 0 0 0 0]
 [1 0 1 0 0 0 0 0 0 0]
 [1 0 1 0 0 0 0 0 1 1]
 [0 1 0 0 0 0 0 0 1 1]]
size: 2
time: 0.18219518661499023

[[0 0 0 0 0 0 0 0 0 0]
 [0 0 0 0 0 0 0 0 0 0]
 [0 0 0 0 0 0 0 0 0 0]
 [0 0 0 0 0 0 0 0 0 0]
 [0 0 0 0 0 0 0 0 0 0]
 [0 0 0 0 0 0 0 0 0 0]
 [0 1 0 0 0 0 0 0 0 0]
 [1 0 1 0 0 0 0 0 0 0]
 [1 0 1 0 0 0 0 0 1 1]
 [0 1 0 0 0 0 0 0 1 1]]
size: 2
time: 0.18302702903747559

[[0 0 0 0 0 0 0 0 0 0]
 [0 0 0 0 0 0 0 0 0 0]
 [0 0 0 0 0 0 0 0 0 0]
 [0 0 0 0 0 0 0 0 0 0]
 [0 0 0 0 0 0 0 0 0 0]
 [0 0 0 0 0 0 0 0 0 0]
 [0 1 0 0 0 0 0 0 0 0]
 [1 0 1 0 0 0 0 0 0 0]
 [1 0 1 0 0 0 0 0 1 1]
 [0 1 0 0 0 0 0 0 1 1]]
size: 2
time: 0.17909860610961914

[[0 0 0 0 0 0 0 0 0 0]
 [0 0 0 0 0 0 0 0 0 0]
 [0 0 0 0 0 0 0 0 0 0]
 [0 0 0 0 0 0 0 0 0 0]
 [0 0 0 0 0 0 0 0 0 0]
 [0 0 0 0 0 0 0 0 0 0]
 [0 1 0 0 0 0 0 0 0 0]
 [1 0 1 0 0 0 0 0 0 0]
 [1 0 1 0 0 0 0 0 1 1]
 [0 1 0 0 0 0 0 0 1 1]]
size: 2
time: 0.18341946601867676

[[0 0 0 0 0 0 0 0 0 0]
 [0 0 0 0 0 0 0 0 0 0]
 [0 0 0 0 0 0 0 0 0 0]
 [0 0 0 0 0 0 0 0 0 0]
 [0 0 0 0 0 0 0 0 0 0]
 [0 0 0 0 0 0 0 0 0 0]
 [0 1 0 0 0 0 0 0 0 0]
 [1 0 1 0 0 0 0 0 0 0]
 [1 0 1 0 0 0 0 0 1 1]
 [0 1 0 0 0 0 0 0 1 1]]
size: 2
time: 0.18902587890625

[[0 0 0 0 0 0 0 0 0 0]
 [0 0 0 0 0 0 0 0 0 0]
 [0 0 0 0 0 0 0 0 0 0]
 [0 0 0 0 0 0 0 0 0 0]
 [0 0 0 0 0 0 0 0 0 0]
 [0 0 0 0 0 0 0 0 0 0]
 [0 1 0 0 0 0 0 0 0 0]
 [1 0 1 0 0 0 0 0 0 0]
 [1 0 1 0 0 0 0 0 1 1]
 [0 1 0 0 0 0 0 0 1 1]]
size: 2
time: 0.1922593116760254

[[0 0 0 0 0 0 0 0 0 0]
 [0 0 0 0 0 0 0 0 0 0]
 [0 0 0 0 0 0 0 0 0 0]
 [0 0 0 0 0 0 0 0 0 0]
 [0 0 0 0 0 0 0 0 0 0]
 [0 0 0 0 0 0 0 0 0 0]
 [0 1 0 0 0 0 0 0 0 0]
 [1 0 1 0 0 0 0 0 0 0]
 [1 0 1 0 0 0 0 0 1 1]
 [0 1 0 0 0 0 0 0 1 1]]
size: 2
time: 0.19346356391906738

[[0 0 0 0 0 0 0 0 0 0]
 [0 0 0 0 0 0 0 0 0 0]
 [0 0 0 0 0 0 0 0 0 0]
 [0 0 0 0 0 0 0 0 0 0]
 [0 0 0 0 0 0 0 0 0 0]
 [0 0 0 0 0 0 0 0 0 0]
 [0 1 0 0 0 0 0 0 0 0]
 [1 0 1 0 0 0 0 0 0 0]
 [1 0 1 0 0 0 0 0 1 1]
 [0 1 0 0 0 0 0 0 1 1]]
size: 2
time: 0.19411659240722656

[[0 0 0 0 0 0 0 0 0 0]
 [0 0 0 0 0 0 0 0 0 0]
 [0 0 0 0 0 0 0 0 0 0]
 [0 0 0 0 0 0 0 0 0 0]
 [0 0 0 0 0 0 0 0 0 0]
 [0 0 0 0 0 0 0 0 0 0]
 [0 1 0 0 0 0 0 0 0 0]
 [1 0 1 0 0 0 0 0 0 0]
 [1 0 1 0 0 0 0 0 1 1]
 [0 1 0 0 0 0 0 0 1 1]]
size: 2
time: 0.22027301788330078

[[0 0 0 0 0 0 0 0 0 0]
 [0 0 0 0 0 0 0 0 0 0]
 [0 0 0 0 0 0 0 0 0 0]
 [0 0 0 0 0 0 0 0 0 0]
 [0 0 0 0 0 0 0 0 0 0]
 [0 0 0 0 0 0 0 0 0 0]
 [0 1 0 0 0 0 0 0 0 0]
 [1 0 1 0 0 0 0 0 0 0]
 [1 0 1 0 0 0 0 0 1 1]
 [0 1 0 0 0 0 0 0 1 1]]
size: 2
time: 0.2014000415802002

[[0 0 0 0 0 0 0 0 0 0]
 [0 0 0 0 0 0 0 0 0 0]
 [0 0 0 0 0 0 0 0 0 0]
 [0 0 0 0 0 0 0 0 0 0]
 [0 0 0 0 0 0 0 0 0 0]
 [0 0 0 0 0 0 0 0 0 0]
 [0 1 0 0 0 0 0 0 0 0]
 [1 0 1 0 0 0 0 0 0 0]
 [1 0 1 0 0 0 0 0 1 1]
 [0 1 0 0 0 0 0 0 1 1]]
size: 2
time: 0.19922900199890137

[[0 0 0 0 0 0 0 0 0 0]
 [0 0 0 0 0 0 0 0 0 0]
 [0 0 0 0 0 0 0 0 0 0]
 [0 0 0 0 0 0 0 0 0 0]
 [0 0 0 0 0 0 0 0 0 0]
 [0 0 0 0 0 0 0 0 0 0]
 [0 1 0 0 0 0 0 0 0 0]
 [1 0 1 0 0 0 0 0 0 0]
 [1 0 1 0 0 0 0 0 1 1]
 [0 1 0 0 0 0 0 0 1 1]]
size: 2
time: 0.20783543586730957

[[0 0 0 0 0 0 0 0 0 0]
 [0 0 0 0 0 0 0 0 0 0]
 [0 0 0 0 0 0 0 0 0 0]
 [0 0 0 0 0 0 0 0 0 0]
 [0 0 0 0 0 0 0 0 0 0]
 [0 0 0 0 0 0 0 0 0 0]
 [0 1 0 0 0 0 0 0 0 0]
 [1 0 1 0 0 0 0 0 0 0]
 [1 0 1 0 0 0 0 0 1 1]
 [0 1 0 0 0 0 0 0 1 1]]
size: 2
time: 0.2124166488647461

[[0 0 0 0 0 0 0 0 0 0]
 [0 0 0 0 0 0 0 0 0 0]
 [0 0 0 0 0 0 0 0 0 0]
 [0 0 0 0 0 0 0 0 0 0]
 [0 0 0 0 0 0 0 0 0 0]
 [0 0 0 0 0 0 0 0 0 0]
 [0 1 0 0 0 0 0 0 0 0]
 [1 0 1 0 0 0 0 0 0 0]
 [1 0 1 0 0 0 0 0 1 1]
 [0 1 0 0 0 0 0 0 1 1]]
size: 2
time: 0.21966338157653809

[[0 0 0 0 0 0 0 0 0 0]
 [0 0 0 0 0 0 0 0 0 0]
 [0 0 0 0 0 0 0 0 0 0]
 [0 0 0 0 0 0 0 0 0 0]
 [0 0 0 0 0 0 0 0 0 0]
 [0 0 0 0 0 0 0 0 0 0]
 [0 1 0 0 0 0 0 0 0 0]
 [1 0 1 0 0 0 0 0 0 0]
 [1 0 1 0 0 0 0 0 1 1]
 [0 1 0 0 0 0 0 0 1 1]]
size: 2
time: 0.21651816368103027

[[0 0 0 0 0 0 0 0 0 0]
 [0 0 0 0 0 0 0 0 0 0]
 [0 0 0 0 0 0 0 0 0 0]
 [0 0 0 0 0 0 0 0 0 0]
 [0 0 0 0 0 0 0 0 0 0]
 [0 0 0 0 0 0 0 0 0 0]
 [0 1 0 0 0 0 0 0 0 0]
 [1 0 1 0 0 0 0 0 0 0]
 [1 0 1 0 0 0 0 0 1 1]
 [0 1 0 0 0 0 0 0 1 1]]
size: 2
time: 0.23494839668273926

[[0 0 0 0 0 0 0 0 0 0]
 [0 0 0 0 0 0 0 0 0 0]
 [0 0 0 0 0 0 0 0 0 0]
 [0 0 0 0 0 0 0 0 0 0]
 [0 0 0 0 0 0 0 0 0 0]
 [0 0 0 0 0 0 0 0 0 0]
 [0 1 0 0 0 0 0 0 0 0]
 [1 0 1 0 0 0 0 0 0 0]
 [1 0 1 0 0 0 0 0 1 1]
 [0 1 0 0 0 0 0 0 1 1]]
size: 2
time: 0.22352290153503418

[[0 0 0 0 0 0 0 0 0 0]
 [0 0 0 0 0 0 0 0 0 0]
 [0 0 0 0 0 0 0 0 0 0]
 [0 0 0 0 0 0 0 0 0 0]
 [0 0 0 0 0 0 0 0 0 0]
 [0 0 0 0 0 0 0 0 0 0]
 [0 1 0 0 0 0 0 0 0 0]
 [1 0 1 0 0 0 0 0 0 0]
 [1 0 1 0 0 0 0 0 1 1]
 [0 1 0 0 0 0 0 0 1 1]]
size: 2
time: 0.22518396377563477

[[0 0 0 0 0 0 0 0 0 0]
 [0 0 0 0 0 0 0 0 0 0]
 [0 0 0 0 0 0 0 0 0 0]
 [0 0 0 0 0 0 0 0 0 0]
 [0 0 0 0 0 0 0 0 0 0]
 [0 0 0 0 0 0 0 0 0 0]
 [0 1 0 0 0 0 0 0 0 0]
 [1 0 1 0 0 0 0 0 0 0]
 [1 0 1 0 0 0 0 0 1 1]
 [0 1 0 0 0 0 0 0 1 1]]
size: 2
time: 0.22789621353149414

[[0 0 0 0 0 0 0 0 0 0]
 [0 0 0 0 0 0 0 0 0 0]
 [0 0 0 0 0 0 0 0 0 0]
 [0 0 0 0 0 0 0 0 0 0]
 [0 0 0 0 0 0 0 0 0 0]
 [0 0 0 0 0 0 0 0 0 0]
 [0 1 0 0 0 0 0 0 0 0]
 [1 0 1 0 0 0 0 0 0 0]
 [1 0 1 0 0 0 0 0 1 1]
 [0 1 0 0 0 0 0 0 1 1]]
size: 2
time: 0.23138666152954102

[[0 0 0 0 0 0 0 0 0 0]
 [0 0 0 0 0 0 0 0 0 0]
 [0 0 0 0 0 0 0 0 0 0]
 [0 0 0 0 0 0 0 0 0 0]
 [0 0 0 0 0 0 0 0 0 0]
 [0 0 0 0 0 0 0 0 0 0]
 [0 1 0 0 0 0 0 0 0 0]
 [1 0 1 0 0 0 0 0 0 0]
 [1 0 1 0 0 0 0 0 1 1]
 [0 1 0 0 0 0 0 0 1 1]]
size: 2
time: 0.2372441291809082

[[0 0 0 0 0 0 0 0 0 0]
 [0 0 0 0 0 0 0 0 0 0]
 [0 0 0 0 0 0 0 0 0 0]
 [0 0 0 0 0 0 0 0 0 0]
 [0 0 0 0 0 0 0 0 0 0]
 [0 0 0 0 0 0 0 0 0 0]
 [0 1 0 0 0 0 0 0 0 0]
 [1 0 1 0 0 0 0 0 0 0]
 [1 0 1 0 0 0 0 0 1 1]
 [0 1 0 0 0 0 0 0 1 1]]
size: 2
time: 0.23536467552185059

[[0 0 0 0 0 0 0 0 0 0]
 [0 0 0 0 0 0 0 0 0 0]
 [0 0 0 0 0 0 0 0 0 0]
 [0 0 0 0 0 0 0 0 0 0]
 [0 0 0 0 0 0 0 0 0 0]
 [0 0 0 0 0 0 0 0 0 0]
 [0 1 0 0 0 0 0 0 0 0]
 [1 0 1 0 0 0 0 0 0 0]
 [1 0 1 0 0 0 0 0 1 1]
 [0 1 0 0 0 0 0 0 1 1]]
size: 2
time: 0.22997260093688965

[[0 0 0 0 0 0 0 0 0 0]
 [0 0 0 0 0 0 0 0 0 0]
 [0 0 0 0 0 0 0 0 0 0]
 [0 0 0 0 0 0 0 0 0 0]
 [0 0 0 0 0 0 0 0 0 0]
 [0 0 0 0 0 0 0 0 0 0]
 [0 1 0 0 0 0 0 0 0 0]
 [1 0 1 0 0 0 0 0 0 0]
 [1 0 1 0 0 0 0 0 1 1]
 [0 1 0 0 0 0 0 0 1 1]]
size: 2
time: 0.2406923770904541

[[0 0 0 0 0 0 0 0 0 0]
 [0 0 0 0 0 0 0 0 0 0]
 [0 0 0 0 0 0 0 0 0 0]
 [0 0 0 0 0 0 0 0 0 0]
 [0 0 0 0 0 0 0 0 0 0]
 [0 0 0 0 0 0 0 0 0 0]
 [0 1 0 0 0 0 0 0 0 0]
 [1 0 1 0 0 0 0 0 0 0]
 [1 0 1 0 0 0 0 0 1 1]
 [0 1 0 0 0 0 0 0 1 1]]
size: 2
time: 0.24567508697509766

[[0 0 0 0 0 0 0 0 0 0]
 [0 0 0 0 0 0 0 0 0 0]
 [0 0 0 0 0 0 0 0 0 0]
 [0 0 0 0 0 0 0 0 0 0]
 [0 0 0 0 0 0 0 0 0 0]
 [0 0 0 0 0 0 0 0 0 0]
 [0 1 0 0 0 0 0 0 0 0]
 [1 0 1 0 0 0 0 0 0 0]
 [1 0 1 0 0 0 0 0 1 1]
 [0 1 0 0 0 0 0 0 1 1]]
size: 2
time: 0.2470238208770752

[[0 0 0 0 0 0 0 0 0 0]
 [0 0 0 0 0 0 0 0 0 0]
 [0 0 0 0 0 0 0 0 0 0]
 [0 0 0 0 0 0 0 0 0 0]
 [0 0 0 0 0 0 0 0 0 0]
 [0 0 0 0 0 0 0 0 0 0]
 [0 1 0 0 0 0 0 0 0 0]
 [1 0 1 0 0 0 0 0 0 0]
 [1 0 1 0 0 0 0 0 1 1]
 [0 1 0 0 0 0 0 0 1 1]]
size: 2
time: 0.24172115325927734

[[0 0 0 0 0 0 0 0 0 0]
 [0 0 0 0 0 0 0 0 0 0]
 [0 0 0 0 0 0 0 0 0 0]
 [0 0 0 0 0 0 0 0 0 0]
 [0 0 0 0 0 0 0 0 0 0]
 [0 0 0 0 0 0 0 0 0 0]
 [0 1 0 0 0 0 0 0 0 0]
 [1 0 1 0 0 0 0 0 0 0]
 [1 0 1 0 0 0 0 0 1 1]
 [0 1 0 0 0 0 0 0 1 1]]
size: 2
time: 0.24533486366271973

[[0 0 0 0 0 0 0 0 0 0]
 [0 0 0 0 0 0 0 0 0 0]
 [0 0 0 0 0 0 0 0 0 0]
 [0 0 0 0 0 0 0 0 0 0]
 [0 0 0 0 0 0 0 0 0 0]
 [0 0 0 0 0 0 0 0 0 0]
 [0 1 0 0 0 0 0 0 0 0]
 [1 0 1 0 0 0 0 0 0 0]
 [1 0 1 0 0 0 0 0 1 1]
 [0 1 0 0 0 0 0 0 1 1]]
size: 2
time: 0.24671721458435059

[[0 0 0 0 0 0 0 0 0 0]
 [0 0 0 0 0 0 0 0 0 0]
 [0 0 0 0 0 0 0 0 0 0]
 [0 0 0 0 0 0 0 0 0 0]
 [0 0 0 0 0 0 0 0 0 0]
 [0 0 0 0 0 0 0 0 0 0]
 [0 1 0 0 0 0 0 0 0 0]
 [1 0 1 0 0 0 0 0 0 0]
 [1 0 1 0 0 0 0 0 1 1]
 [0 1 0 0 0 0 0 0 1 1]]
size: 2
time: 0.25765514373779297

[[0 0 0 0 0 0 0 0 0 0]
 [0 0 0 0 0 0 0 0 0 0]
 [0 0 0 0 0 0 0 0 0 0]
 [0 0 0 0 0 0 0 0 0 0]
 [0 0 0 0 0 0 0 0 0 0]
 [0 0 0 0 0 0 0 0 0 0]
 [0 1 0 0 0 0 0 0 0 0]
 [1 0 1 0 0 0 0 0 0 0]
 [1 0 1 0 0 0 0 0 1 1]
 [0 1 0 0 0 0 0 0 1 1]]
size: 2
time: 0.24960589408874512

